<?xml version="1.0" encoding="UTF-8"?>
<svg xmlns="http://www.w3.org/2000/svg" xmlns:xlink="http://www.w3.org/1999/xlink" width="884pt" height="402pt" viewBox="0 0 884 402" version="1.1">
<defs>
<g>
<symbol overflow="visible" id="glyph0-0">
<path style="stroke:none;" d="M 7.496094 -0.449219 C 7.105469 -0.246094 6.703125 -0.0976563 6.289063 0.00390625 C 5.867188 0.105469 5.429688 0.15625 4.976563 0.160156 C 3.617188 0.15625 2.542969 -0.21875 1.75 -0.980469 C 0.953125 -1.738281 0.554688 -2.769531 0.558594 -4.070313 C 0.554688 -5.371094 0.953125 -6.402344 1.75 -7.164063 C 2.542969 -7.921875 3.617188 -8.300781 4.976563 -8.304688 C 5.429688 -8.300781 5.867188 -8.25 6.289063 -8.152344 C 6.703125 -8.046875 7.105469 -7.898438 7.496094 -7.699219 L 7.496094 -6.011719 C 7.105469 -6.277344 6.722656 -6.46875 6.34375 -6.59375 C 5.964844 -6.714844 5.566406 -6.777344 5.148438 -6.78125 C 4.394531 -6.777344 3.804688 -6.539063 3.375 -6.058594 C 2.945313 -5.578125 2.730469 -4.914063 2.730469 -4.070313 C 2.730469 -3.226563 2.945313 -2.566406 3.375 -2.085938 C 3.804688 -1.605469 4.394531 -1.363281 5.148438 -1.367188 C 5.566406 -1.363281 5.964844 -1.425781 6.34375 -1.550781 C 6.722656 -1.671875 7.105469 -1.867188 7.496094 -2.136719 Z M 7.496094 -0.449219 "/>
</symbol>
<symbol overflow="visible" id="glyph0-1">
<path style="stroke:none;" d="M 3.851563 -4.867188 C 3.414063 -4.863281 3.085938 -4.707031 2.859375 -4.398438 C 2.632813 -4.085938 2.519531 -3.636719 2.519531 -3.054688 C 2.519531 -2.464844 2.632813 -2.015625 2.859375 -1.707031 C 3.085938 -1.394531 3.414063 -1.242188 3.851563 -1.242188 C 4.273438 -1.242188 4.601563 -1.394531 4.828125 -1.707031 C 5.054688 -2.015625 5.167969 -2.464844 5.167969 -3.054688 C 5.167969 -3.636719 5.054688 -4.085938 4.828125 -4.398438 C 4.601563 -4.707031 4.273438 -4.863281 3.851563 -4.867188 Z M 3.851563 -6.269531 C 4.902344 -6.269531 5.726563 -5.984375 6.320313 -5.414063 C 6.910156 -4.84375 7.207031 -4.054688 7.207031 -3.054688 C 7.207031 -2.046875 6.910156 -1.261719 6.320313 -0.691406 C 5.726563 -0.125 4.902344 0.15625 3.851563 0.160156 C 2.792969 0.15625 1.96875 -0.125 1.375 -0.691406 C 0.777344 -1.261719 0.480469 -2.046875 0.480469 -3.054688 C 0.480469 -4.054688 0.777344 -4.84375 1.375 -5.414063 C 1.96875 -5.984375 2.792969 -6.269531 3.851563 -6.269531 Z M 3.851563 -6.269531 "/>
</symbol>
<symbol overflow="visible" id="glyph0-2">
<path style="stroke:none;" d="M 7.09375 -3.726563 L 7.09375 0 L 5.125 0 L 5.125 -2.851563 C 5.121094 -3.378906 5.109375 -3.742188 5.089844 -3.945313 C 5.0625 -4.140625 5.023438 -4.289063 4.96875 -4.386719 C 4.890625 -4.511719 4.785156 -4.609375 4.65625 -4.683594 C 4.523438 -4.753906 4.375 -4.792969 4.207031 -4.792969 C 3.796875 -4.792969 3.472656 -4.632813 3.242188 -4.320313 C 3.007813 -4 2.894531 -3.566406 2.894531 -3.011719 L 2.894531 0 L 0.941406 0 L 0.941406 -6.121094 L 2.894531 -6.121094 L 2.894531 -5.222656 C 3.191406 -5.574219 3.503906 -5.839844 3.835938 -6.011719 C 4.164063 -6.183594 4.53125 -6.269531 4.933594 -6.269531 C 5.640625 -6.269531 6.175781 -6.050781 6.542969 -5.617188 C 6.90625 -5.183594 7.089844 -4.554688 7.09375 -3.726563 Z M 7.09375 -3.726563 "/>
</symbol>
<symbol overflow="visible" id="glyph0-3">
<path style="stroke:none;" d="M 5.105469 -5.222656 L 5.105469 -8.503906 L 7.070313 -8.503906 L 7.070313 0 L 5.105469 0 L 5.105469 -0.886719 C 4.832031 -0.519531 4.535156 -0.253906 4.210938 -0.0898438 C 3.886719 0.078125 3.511719 0.15625 3.085938 0.160156 C 2.332031 0.15625 1.714844 -0.140625 1.230469 -0.738281 C 0.746094 -1.339844 0.503906 -2.109375 0.503906 -3.054688 C 0.503906 -3.992188 0.746094 -4.765625 1.230469 -5.367188 C 1.714844 -5.96875 2.332031 -6.269531 3.085938 -6.269531 C 3.507813 -6.269531 3.882813 -6.183594 4.210938 -6.011719 C 4.535156 -5.839844 4.832031 -5.574219 5.105469 -5.222656 Z M 3.8125 -1.261719 C 4.230469 -1.257813 4.550781 -1.410156 4.773438 -1.71875 C 4.992188 -2.023438 5.101563 -2.46875 5.105469 -3.054688 C 5.101563 -3.632813 4.992188 -4.078125 4.773438 -4.386719 C 4.550781 -4.691406 4.230469 -4.84375 3.8125 -4.847656 C 3.394531 -4.84375 3.078125 -4.691406 2.859375 -4.386719 C 2.640625 -4.078125 2.53125 -3.632813 2.53125 -3.054688 C 2.53125 -2.46875 2.640625 -2.023438 2.859375 -1.71875 C 3.078125 -1.410156 3.394531 -1.257813 3.8125 -1.261719 Z M 3.8125 -1.261719 "/>
</symbol>
<symbol overflow="visible" id="glyph0-4">
<path style="stroke:none;" d="M 0.875 -2.382813 L 0.875 -6.121094 L 2.839844 -6.121094 L 2.839844 -5.507813 C 2.835938 -5.175781 2.835938 -4.757813 2.835938 -4.257813 C 2.832031 -3.753906 2.828125 -3.421875 2.832031 -3.257813 C 2.828125 -2.765625 2.839844 -2.410156 2.867188 -2.191406 C 2.890625 -1.972656 2.9375 -1.816406 3 -1.722656 C 3.078125 -1.59375 3.179688 -1.492188 3.3125 -1.425781 C 3.4375 -1.355469 3.585938 -1.324219 3.757813 -1.324219 C 4.164063 -1.324219 4.484375 -1.480469 4.71875 -1.792969 C 4.949219 -2.105469 5.066406 -2.539063 5.070313 -3.097656 L 5.070313 -6.121094 L 7.027344 -6.121094 L 7.027344 0 L 5.070313 0 L 5.070313 -0.886719 C 4.773438 -0.527344 4.460938 -0.265625 4.132813 -0.09375 C 3.800781 0.0742188 3.4375 0.15625 3.042969 0.160156 C 2.332031 0.15625 1.796875 -0.0546875 1.429688 -0.488281 C 1.058594 -0.917969 0.871094 -1.550781 0.875 -2.382813 Z M 0.875 -2.382813 "/>
</symbol>
<symbol overflow="visible" id="glyph0-5">
<path style="stroke:none;" d="M 5.886719 -5.929688 L 5.886719 -4.332031 C 5.617188 -4.511719 5.351563 -4.648438 5.085938 -4.734375 C 4.816406 -4.820313 4.535156 -4.863281 4.25 -4.867188 C 3.703125 -4.863281 3.28125 -4.703125 2.976563 -4.390625 C 2.671875 -4.070313 2.519531 -3.625 2.519531 -3.054688 C 2.519531 -2.476563 2.671875 -2.03125 2.976563 -1.71875 C 3.28125 -1.398438 3.703125 -1.242188 4.25 -1.242188 C 4.554688 -1.242188 4.847656 -1.285156 5.121094 -1.378906 C 5.394531 -1.464844 5.648438 -1.601563 5.886719 -1.78125 L 5.886719 -0.179688 C 5.578125 -0.0664063 5.265625 0.015625 4.953125 0.0742188 C 4.632813 0.128906 4.316406 0.15625 4.003906 0.160156 C 2.898438 0.15625 2.035156 -0.121094 1.414063 -0.6875 C 0.789063 -1.25 0.480469 -2.039063 0.480469 -3.054688 C 0.480469 -4.0625 0.789063 -4.851563 1.414063 -5.417969 C 2.035156 -5.984375 2.898438 -6.269531 4.003906 -6.269531 C 4.324219 -6.269531 4.640625 -6.238281 4.953125 -6.183594 C 5.261719 -6.121094 5.574219 -6.039063 5.886719 -5.929688 Z M 5.886719 -5.929688 "/>
</symbol>
<symbol overflow="visible" id="glyph0-6">
<path style="stroke:none;" d="M 3.078125 -7.859375 L 3.078125 -6.121094 L 5.09375 -6.121094 L 5.09375 -4.722656 L 3.078125 -4.722656 L 3.078125 -2.125 C 3.074219 -1.839844 3.132813 -1.648438 3.246094 -1.546875 C 3.355469 -1.445313 3.578125 -1.394531 3.917969 -1.398438 L 4.921875 -1.398438 L 4.921875 0 L 3.246094 0 C 2.472656 0 1.921875 -0.160156 1.601563 -0.484375 C 1.277344 -0.804688 1.117188 -1.351563 1.121094 -2.125 L 1.121094 -4.722656 L 0.148438 -4.722656 L 0.148438 -6.121094 L 1.121094 -6.121094 L 1.121094 -7.859375 Z M 3.078125 -7.859375 "/>
</symbol>
<symbol overflow="visible" id="glyph0-7">
<path style="stroke:none;" d="M 5.488281 -4.453125 C 5.3125 -4.53125 5.140625 -4.589844 4.976563 -4.628906 C 4.804688 -4.667969 4.636719 -4.6875 4.464844 -4.6875 C 3.960938 -4.6875 3.570313 -4.523438 3.300781 -4.203125 C 3.027344 -3.878906 2.894531 -3.417969 2.894531 -2.820313 L 2.894531 0 L 0.941406 0 L 0.941406 -6.121094 L 2.894531 -6.121094 L 2.894531 -5.113281 C 3.144531 -5.511719 3.433594 -5.804688 3.761719 -5.992188 C 4.085938 -6.175781 4.476563 -6.269531 4.933594 -6.269531 C 4.996094 -6.269531 5.066406 -6.265625 5.144531 -6.257813 C 5.222656 -6.25 5.332031 -6.238281 5.480469 -6.222656 Z M 5.488281 -4.453125 "/>
</symbol>
<symbol overflow="visible" id="glyph1-0">
<path style="stroke:none;" d="M 2.722656 -1.035156 C 3.78125 -1.03125 4.523438 -1.292969 4.945313 -1.820313 C 5.367188 -2.339844 5.578125 -3.285156 5.578125 -4.652344 C 5.578125 -6.03125 5.367188 -6.980469 4.949219 -7.503906 C 4.53125 -8.023438 3.789063 -8.285156 2.722656 -8.289063 L 2.125 -8.289063 L 2.125 -1.035156 Z M 2.75 -9.324219 C 4.171875 -9.320313 5.222656 -8.941406 5.898438 -8.1875 C 6.570313 -7.425781 6.90625 -6.25 6.910156 -4.652344 C 6.90625 -3.058594 6.570313 -1.882813 5.898438 -1.132813 C 5.222656 -0.375 4.171875 0 2.75 0 L 0.855469 0 L 0.855469 -9.324219 Z M 2.75 -9.324219 "/>
</symbol>
<symbol overflow="visible" id="glyph1-1">
<path style="stroke:none;" d="M 6.566406 -4.335938 L 6.566406 0 L 5.410156 0 L 5.410156 -4.335938 C 5.40625 -4.960938 5.296875 -5.421875 5.078125 -5.71875 C 4.855469 -6.015625 4.511719 -6.164063 4.042969 -6.164063 C 3.503906 -6.164063 3.089844 -5.972656 2.800781 -5.59375 C 2.511719 -5.210938 2.367188 -4.664063 2.367188 -3.953125 L 2.367188 0 L 1.21875 0 L 1.21875 -6.996094 L 2.367188 -6.996094 L 2.367188 -5.945313 C 2.570313 -6.34375 2.84375 -6.648438 3.195313 -6.855469 C 3.542969 -7.058594 3.960938 -7.160156 4.441406 -7.164063 C 5.152344 -7.160156 5.683594 -6.925781 6.035156 -6.460938 C 6.386719 -5.988281 6.5625 -5.28125 6.566406 -4.335938 Z M 6.566406 -4.335938 "/>
</symbol>
<symbol overflow="visible" id="glyph1-2">
<path style="stroke:none;" d="M 1.597656 -6.996094 L 4.542969 -6.996094 L 4.542969 -0.894531 L 6.820313 -0.894531 L 6.820313 0 L 1.113281 0 L 1.113281 -0.894531 L 3.390625 -0.894531 L 3.390625 -6.101563 L 1.597656 -6.101563 Z M 3.390625 -9.71875 L 4.542969 -9.71875 L 4.542969 -8.265625 L 3.390625 -8.265625 Z M 3.390625 -9.71875 "/>
</symbol>
<symbol overflow="visible" id="glyph1-3">
<path style="stroke:none;" d="M 0.625 -6.996094 L 1.816406 -6.996094 L 3.847656 -1.125 L 5.882813 -6.996094 L 7.078125 -6.996094 L 4.589844 0 L 3.109375 0 Z M 0.625 -6.996094 "/>
</symbol>
<symbol overflow="visible" id="glyph1-4">
<path style="stroke:none;" d="M 4.386719 -3.515625 L 4.003906 -3.515625 C 3.332031 -3.515625 2.828125 -3.398438 2.488281 -3.164063 C 2.148438 -2.929688 1.980469 -2.578125 1.980469 -2.113281 C 1.980469 -1.6875 2.105469 -1.359375 2.359375 -1.128906 C 2.613281 -0.894531 2.964844 -0.777344 3.417969 -0.78125 C 4.046875 -0.777344 4.546875 -0.996094 4.910156 -1.4375 C 5.269531 -1.875 5.453125 -2.484375 5.460938 -3.261719 L 5.460938 -3.515625 Z M 6.613281 -3.992188 L 6.613281 0 L 5.460938 0 L 5.460938 -1.035156 C 5.210938 -0.617188 4.898438 -0.3125 4.53125 -0.117188 C 4.15625 0.078125 3.703125 0.175781 3.171875 0.179688 C 2.457031 0.175781 1.890625 -0.0234375 1.46875 -0.421875 C 1.042969 -0.820313 0.832031 -1.355469 0.832031 -2.035156 C 0.832031 -2.808594 1.089844 -3.402344 1.613281 -3.808594 C 2.132813 -4.214844 2.902344 -4.417969 3.917969 -4.417969 L 5.460938 -4.417969 L 5.460938 -4.597656 C 5.453125 -5.152344 5.308594 -5.558594 5.035156 -5.8125 C 4.753906 -6.0625 4.308594 -6.1875 3.699219 -6.191406 C 3.300781 -6.1875 2.90625 -6.128906 2.507813 -6.019531 C 2.109375 -5.902344 1.71875 -5.738281 1.34375 -5.527344 L 1.34375 -6.675781 C 1.765625 -6.835938 2.171875 -6.960938 2.5625 -7.042969 C 2.949219 -7.121094 3.328125 -7.160156 3.699219 -7.164063 C 4.273438 -7.160156 4.769531 -7.074219 5.179688 -6.90625 C 5.589844 -6.734375 5.921875 -6.480469 6.179688 -6.140625 C 6.332031 -5.929688 6.441406 -5.671875 6.511719 -5.367188 C 6.574219 -5.0625 6.609375 -4.601563 6.613281 -3.992188 Z M 6.613281 -3.992188 "/>
</symbol>
<symbol overflow="visible" id="glyph1-5">
<path style="stroke:none;" d="M 7.214844 -5.554688 C 6.964844 -5.742188 6.714844 -5.878906 6.464844 -5.96875 C 6.207031 -6.054688 5.929688 -6.097656 5.628906 -6.101563 C 4.910156 -6.097656 4.363281 -5.875 3.984375 -5.425781 C 3.605469 -4.976563 3.414063 -4.328125 3.417969 -3.480469 L 3.417969 0 L 2.261719 0 L 2.261719 -6.996094 L 3.417969 -6.996094 L 3.417969 -5.628906 C 3.605469 -6.121094 3.902344 -6.5 4.300781 -6.765625 C 4.699219 -7.027344 5.167969 -7.160156 5.714844 -7.164063 C 5.996094 -7.160156 6.261719 -7.125 6.507813 -7.058594 C 6.753906 -6.984375 6.988281 -6.875 7.214844 -6.726563 Z M 7.214844 -5.554688 "/>
</symbol>
<symbol overflow="visible" id="glyph1-6">
<path style="stroke:none;" d="M 6.628906 -0.355469 C 6.316406 -0.171875 6 -0.0390625 5.671875 0.046875 C 5.34375 0.132813 5.007813 0.175781 4.671875 0.179688 C 3.585938 0.175781 2.742188 -0.144531 2.132813 -0.792969 C 1.523438 -1.441406 1.21875 -2.34375 1.21875 -3.492188 C 1.21875 -4.640625 1.523438 -5.539063 2.132813 -6.1875 C 2.742188 -6.835938 3.585938 -7.160156 4.671875 -7.164063 C 5.007813 -7.160156 5.339844 -7.117188 5.660156 -7.03125 C 5.980469 -6.945313 6.300781 -6.808594 6.628906 -6.628906 L 6.628906 -5.421875 C 6.320313 -5.6875 6.015625 -5.882813 5.710938 -6.007813 C 5.402344 -6.125 5.054688 -6.1875 4.671875 -6.191406 C 3.945313 -6.1875 3.390625 -5.953125 3.007813 -5.492188 C 2.617188 -5.023438 2.425781 -4.359375 2.429688 -3.492188 C 2.425781 -2.628906 2.621094 -1.960938 3.011719 -1.496094 C 3.402344 -1.023438 3.953125 -0.789063 4.671875 -0.792969 C 5.070313 -0.789063 5.429688 -0.851563 5.746094 -0.976563 C 6.0625 -1.097656 6.355469 -1.289063 6.628906 -1.550781 Z M 6.628906 -0.355469 "/>
</symbol>
<symbol overflow="visible" id="glyph1-7">
<path style="stroke:none;" d="M 6.566406 -4.335938 L 6.566406 0 L 5.410156 0 L 5.410156 -4.335938 C 5.40625 -4.960938 5.296875 -5.421875 5.078125 -5.71875 C 4.855469 -6.015625 4.511719 -6.164063 4.042969 -6.164063 C 3.503906 -6.164063 3.089844 -5.972656 2.800781 -5.59375 C 2.511719 -5.210938 2.367188 -4.664063 2.367188 -3.953125 L 2.367188 0 L 1.21875 0 L 1.21875 -9.71875 L 2.367188 -9.71875 L 2.367188 -5.945313 C 2.570313 -6.34375 2.84375 -6.648438 3.195313 -6.855469 C 3.542969 -7.058594 3.960938 -7.160156 4.441406 -7.164063 C 5.152344 -7.160156 5.683594 -6.925781 6.035156 -6.460938 C 6.386719 -5.988281 6.5625 -5.28125 6.566406 -4.335938 Z M 6.566406 -4.335938 "/>
</symbol>
<symbol overflow="visible" id="glyph1-8">
<path style="stroke:none;" d="M 0.867188 -9.324219 L 2.46875 -9.324219 L 5.617188 -1.648438 L 5.617188 -9.324219 L 6.832031 -9.324219 L 6.832031 0 L 5.234375 0 L 2.085938 -7.675781 L 2.085938 0 L 0.867188 0 Z M 0.867188 -9.324219 "/>
</symbol>
<symbol overflow="visible" id="glyph1-9">
<path style="stroke:none;" d="M 3.847656 -6.191406 C 3.261719 -6.1875 2.820313 -5.960938 2.523438 -5.507813 C 2.222656 -5.054688 2.074219 -4.382813 2.074219 -3.492188 C 2.074219 -2.601563 2.222656 -1.929688 2.523438 -1.476563 C 2.820313 -1.019531 3.261719 -0.789063 3.847656 -0.792969 C 4.433594 -0.789063 4.878906 -1.019531 5.179688 -1.476563 C 5.476563 -1.929688 5.625 -2.601563 5.628906 -3.492188 C 5.625 -4.382813 5.476563 -5.054688 5.179688 -5.507813 C 4.878906 -5.960938 4.433594 -6.1875 3.847656 -6.191406 Z M 3.847656 -7.164063 C 4.816406 -7.160156 5.558594 -6.84375 6.074219 -6.21875 C 6.585938 -5.585938 6.84375 -4.679688 6.847656 -3.492188 C 6.84375 -2.296875 6.585938 -1.382813 6.078125 -0.757813 C 5.5625 -0.132813 4.820313 0.175781 3.847656 0.179688 C 2.875 0.175781 2.132813 -0.132813 1.621094 -0.757813 C 1.109375 -1.382813 0.855469 -2.296875 0.855469 -3.492188 C 0.855469 -4.679688 1.109375 -5.585938 1.621094 -6.21875 C 2.132813 -6.84375 2.875 -7.160156 3.847656 -7.164063 Z M 3.847656 -7.164063 "/>
</symbol>
<symbol overflow="visible" id="glyph1-10">
<path style="stroke:none;" d="M 4.222656 -6.285156 C 4.359375 -6.582031 4.539063 -6.804688 4.761719 -6.949219 C 4.976563 -7.089844 5.242188 -7.160156 5.554688 -7.164063 C 6.117188 -7.160156 6.511719 -6.941406 6.742188 -6.511719 C 6.972656 -6.074219 7.089844 -5.257813 7.089844 -4.054688 L 7.089844 0 L 6.039063 0 L 6.039063 -4.003906 C 6.035156 -4.988281 5.980469 -5.601563 5.875 -5.84375 C 5.761719 -6.078125 5.5625 -6.199219 5.273438 -6.203125 C 4.9375 -6.199219 4.707031 -6.070313 4.585938 -5.816406 C 4.460938 -5.558594 4.398438 -4.953125 4.402344 -4.003906 L 4.402344 0 L 3.355469 0 L 3.355469 -4.003906 C 3.351563 -5 3.292969 -5.617188 3.175781 -5.851563 C 3.058594 -6.082031 2.84375 -6.199219 2.535156 -6.203125 C 2.230469 -6.199219 2.019531 -6.070313 1.902344 -5.816406 C 1.78125 -5.558594 1.722656 -4.953125 1.722656 -4.003906 L 1.722656 0 L 0.679688 0 L 0.679688 -6.996094 L 1.722656 -6.996094 L 1.722656 -6.398438 C 1.859375 -6.644531 2.03125 -6.832031 2.238281 -6.964844 C 2.441406 -7.09375 2.675781 -7.160156 2.941406 -7.164063 C 3.257813 -7.160156 3.519531 -7.085938 3.730469 -6.945313 C 3.9375 -6.796875 4.101563 -6.578125 4.222656 -6.285156 Z M 4.222656 -6.285156 "/>
</symbol>
<symbol overflow="visible" id="glyph1-11">
<path style="stroke:none;" d="M 6.945313 -3.785156 L 6.945313 -3.222656 L 1.96875 -3.222656 L 1.96875 -3.1875 C 1.96875 -2.421875 2.164063 -1.832031 2.5625 -1.417969 C 2.957031 -1 3.519531 -0.789063 4.246094 -0.792969 C 4.609375 -0.789063 4.992188 -0.847656 5.394531 -0.96875 C 5.792969 -1.082031 6.21875 -1.261719 6.675781 -1.5 L 6.675781 -0.355469 C 6.238281 -0.171875 5.820313 -0.0390625 5.414063 0.046875 C 5.007813 0.132813 4.613281 0.175781 4.234375 0.179688 C 3.144531 0.175781 2.296875 -0.148438 1.6875 -0.796875 C 1.074219 -1.445313 0.765625 -2.34375 0.769531 -3.492188 C 0.765625 -4.605469 1.066406 -5.496094 1.667969 -6.164063 C 2.265625 -6.828125 3.066406 -7.160156 4.066406 -7.164063 C 4.957031 -7.160156 5.65625 -6.859375 6.171875 -6.257813 C 6.683594 -5.652344 6.941406 -4.828125 6.945313 -3.785156 Z M 5.796875 -4.121094 C 5.777344 -4.792969 5.621094 -5.308594 5.320313 -5.660156 C 5.015625 -6.011719 4.578125 -6.1875 4.015625 -6.191406 C 3.460938 -6.1875 3.007813 -6.003906 2.648438 -5.640625 C 2.289063 -5.269531 2.074219 -4.761719 2.011719 -4.117188 Z M 5.796875 -4.121094 "/>
</symbol>
<symbol overflow="visible" id="glyph1-12">
<path style="stroke:none;" d="M 3.835938 -8.984375 L 3.835938 -6.996094 L 6.445313 -6.996094 L 6.445313 -6.101563 L 3.835938 -6.101563 L 3.835938 -2.304688 C 3.832031 -1.785156 3.929688 -1.425781 4.128906 -1.222656 C 4.320313 -1.015625 4.660156 -0.914063 5.152344 -0.917969 L 6.445313 -0.917969 L 6.445313 0 L 5.039063 0 C 4.175781 0 3.566406 -0.171875 3.214844 -0.515625 C 2.859375 -0.859375 2.683594 -1.453125 2.6875 -2.304688 L 2.6875 -6.101563 L 0.816406 -6.101563 L 0.816406 -6.996094 L 2.6875 -6.996094 L 2.6875 -8.984375 Z M 3.835938 -8.984375 "/>
</symbol>
<symbol overflow="visible" id="glyph1-13">
<path style="stroke:none;" d="M 1.230469 -9.324219 L 6.765625 -9.324219 L 6.765625 -8.265625 L 2.492188 -8.265625 L 2.492188 -5.503906 L 6.578125 -5.503906 L 6.578125 -4.441406 L 2.492188 -4.441406 L 2.492188 -1.0625 L 6.882813 -1.0625 L 6.882813 0 L 1.230469 0 Z M 1.230469 -9.324219 "/>
</symbol>
<symbol overflow="visible" id="glyph1-14">
<path style="stroke:none;" d="M 6.984375 -6.996094 L 4.480469 -3.648438 L 7.226563 0 L 5.898438 0 L 3.847656 -2.804688 L 1.804688 0 L 0.476563 0 L 3.222656 -3.648438 L 0.71875 -6.996094 L 1.992188 -6.996094 L 3.847656 -4.464844 L 5.691406 -6.996094 Z M 6.984375 -6.996094 "/>
</symbol>
<symbol overflow="visible" id="glyph1-15">
<path style="stroke:none;" d="M 2.34375 -0.878906 L 2.34375 2.660156 L 1.1875 2.660156 L 1.1875 -6.996094 L 2.34375 -6.996094 L 2.34375 -6.101563 C 2.53125 -6.445313 2.785156 -6.710938 3.105469 -6.890625 C 3.425781 -7.070313 3.792969 -7.160156 4.210938 -7.164063 C 5.050781 -7.160156 5.714844 -6.832031 6.199219 -6.183594 C 6.679688 -5.527344 6.917969 -4.625 6.921875 -3.46875 C 6.917969 -2.328125 6.675781 -1.433594 6.195313 -0.789063 C 5.710938 -0.144531 5.050781 0.175781 4.210938 0.179688 C 3.785156 0.175781 3.414063 0.0898438 3.09375 -0.0898438 C 2.773438 -0.269531 2.523438 -0.535156 2.34375 -0.878906 Z M 5.714844 -3.492188 C 5.710938 -4.382813 5.570313 -5.054688 5.292969 -5.507813 C 5.007813 -5.960938 4.59375 -6.1875 4.042969 -6.191406 C 3.480469 -6.1875 3.054688 -5.960938 2.773438 -5.507813 C 2.484375 -5.050781 2.34375 -4.378906 2.34375 -3.492188 C 2.34375 -2.609375 2.484375 -1.9375 2.773438 -1.480469 C 3.054688 -1.019531 3.480469 -0.789063 4.042969 -0.792969 C 4.59375 -0.789063 5.007813 -1.015625 5.292969 -1.472656 C 5.570313 -1.925781 5.710938 -2.601563 5.714844 -3.492188 Z M 5.714844 -3.492188 "/>
</symbol>
<symbol overflow="visible" id="glyph1-16">
<path style="stroke:none;" d="M 6.703125 -0.332031 C 6.382813 -0.15625 6.050781 -0.03125 5.714844 0.0507813 C 5.375 0.132813 5.019531 0.175781 4.640625 0.179688 C 3.445313 0.175781 2.515625 -0.242188 1.855469 -1.085938 C 1.195313 -1.929688 0.867188 -3.121094 0.867188 -4.652344 C 0.867188 -6.175781 1.199219 -7.363281 1.863281 -8.21875 C 2.527344 -9.066406 3.453125 -9.492188 4.640625 -9.496094 C 5.019531 -9.492188 5.375 -9.449219 5.714844 -9.367188 C 6.050781 -9.277344 6.382813 -9.148438 6.703125 -8.984375 L 6.703125 -7.691406 C 6.394531 -7.941406 6.0625 -8.132813 5.710938 -8.269531 C 5.355469 -8.398438 5 -8.464844 4.640625 -8.46875 C 3.820313 -8.464844 3.203125 -8.148438 2.796875 -7.519531 C 2.386719 -6.882813 2.183594 -5.929688 2.1875 -4.652344 C 2.183594 -3.378906 2.386719 -2.425781 2.796875 -1.792969 C 3.203125 -1.160156 3.820313 -0.84375 4.640625 -0.84375 C 5.007813 -0.84375 5.367188 -0.910156 5.71875 -1.042969 C 6.070313 -1.175781 6.398438 -1.367188 6.703125 -1.625 Z M 6.703125 -0.332031 "/>
</symbol>
<symbol overflow="visible" id="glyph1-17">
<path style="stroke:none;" d="M 1.21875 -2.648438 L 1.21875 -6.984375 L 2.367188 -6.984375 L 2.367188 -2.648438 C 2.367188 -2.019531 2.476563 -1.554688 2.699219 -1.261719 C 2.921875 -0.960938 3.265625 -0.8125 3.734375 -0.816406 C 4.273438 -0.8125 4.6875 -1.003906 4.976563 -1.386719 C 5.261719 -1.765625 5.40625 -2.3125 5.410156 -3.03125 L 5.410156 -6.984375 L 6.566406 -6.984375 L 6.566406 0 L 5.410156 0 L 5.410156 -1.050781 C 5.199219 -0.644531 4.921875 -0.339844 4.574219 -0.132813 C 4.21875 0.0742188 3.808594 0.175781 3.34375 0.179688 C 2.621094 0.175781 2.085938 -0.0546875 1.742188 -0.519531 C 1.390625 -0.984375 1.21875 -1.695313 1.21875 -2.648438 Z M 1.21875 -2.648438 "/>
</symbol>
<symbol overflow="visible" id="glyph1-18">
<path style="stroke:none;" d="M 0.292969 -9.324219 L 7.410156 -9.324219 L 7.410156 -8.265625 L 4.492188 -8.265625 L 4.492188 0 L 3.222656 0 L 3.222656 -8.265625 L 0.292969 -8.265625 Z M 0.292969 -9.324219 "/>
</symbol>
<symbol overflow="visible" id="glyph1-19">
<path style="stroke:none;" d="M 3.992188 -2.535156 C 3.988281 -2.015625 4.082031 -1.625 4.273438 -1.367188 C 4.460938 -1.101563 4.742188 -0.972656 5.117188 -0.972656 L 6.457031 -0.972656 L 6.457031 0 L 5.003906 0 C 4.316406 0 3.78125 -0.21875 3.40625 -0.660156 C 3.027344 -1.101563 2.839844 -1.726563 2.84375 -2.535156 L 2.84375 -8.890625 L 1 -8.890625 L 1 -9.789063 L 3.992188 -9.789063 Z M 3.992188 -2.535156 "/>
</symbol>
<symbol overflow="visible" id="glyph1-20">
<path style="stroke:none;" d="M 6.640625 -9.71875 L 6.640625 -8.765625 L 5.335938 -8.765625 C 4.917969 -8.765625 4.628906 -8.679688 4.472656 -8.511719 C 4.308594 -8.339844 4.230469 -8.039063 4.234375 -7.613281 L 4.234375 -6.996094 L 6.640625 -6.996094 L 6.640625 -6.101563 L 4.234375 -6.101563 L 4.234375 0 L 3.085938 0 L 3.085938 -6.101563 L 1.21875 -6.101563 L 1.21875 -6.996094 L 3.085938 -6.996094 L 3.085938 -7.484375 C 3.082031 -8.246094 3.257813 -8.8125 3.613281 -9.175781 C 3.960938 -9.535156 4.507813 -9.714844 5.257813 -9.71875 Z M 6.640625 -9.71875 "/>
</symbol>
<symbol overflow="visible" id="glyph1-21">
<path style="stroke:none;" d="M 1.253906 -9.324219 L 6.433594 -9.324219 L 6.433594 -8.265625 L 4.480469 -8.265625 L 4.480469 -1.0625 L 6.433594 -1.0625 L 6.433594 0 L 1.253906 0 L 1.253906 -1.0625 L 3.210938 -1.0625 L 3.210938 -8.265625 L 1.253906 -8.265625 Z M 1.253906 -9.324219 "/>
</symbol>
<symbol overflow="visible" id="glyph1-22">
<path style="stroke:none;" d="M 5.359375 -6.101563 L 5.359375 -9.71875 L 6.507813 -9.71875 L 6.507813 0 L 5.359375 0 L 5.359375 -0.878906 C 5.164063 -0.535156 4.910156 -0.269531 4.59375 -0.0898438 C 4.273438 0.0898438 3.90625 0.175781 3.492188 0.179688 C 2.644531 0.175781 1.976563 -0.148438 1.496094 -0.800781 C 1.007813 -1.453125 0.765625 -2.359375 0.769531 -3.515625 C 0.765625 -4.652344 1.011719 -5.542969 1.5 -6.191406 C 1.984375 -6.835938 2.648438 -7.160156 3.492188 -7.164063 C 3.910156 -7.160156 4.277344 -7.070313 4.601563 -6.890625 C 4.921875 -6.710938 5.175781 -6.445313 5.359375 -6.101563 Z M 1.980469 -3.492188 C 1.980469 -2.601563 2.121094 -1.925781 2.402344 -1.472656 C 2.683594 -1.015625 3.101563 -0.789063 3.660156 -0.792969 C 4.210938 -0.789063 4.632813 -1.019531 4.925781 -1.480469 C 5.210938 -1.9375 5.355469 -2.609375 5.359375 -3.492188 C 5.355469 -4.378906 5.210938 -5.050781 4.925781 -5.507813 C 4.632813 -5.960938 4.210938 -6.1875 3.660156 -6.191406 C 3.101563 -6.1875 2.683594 -5.960938 2.402344 -5.507813 C 2.121094 -5.054688 1.980469 -4.382813 1.980469 -3.492188 Z M 1.980469 -3.492188 "/>
</symbol>
<symbol overflow="visible" id="glyph1-23">
<path style="stroke:none;" d="M 6.078125 -6.753906 L 6.078125 -5.628906 C 5.746094 -5.816406 5.417969 -5.960938 5.085938 -6.058594 C 4.75 -6.152344 4.410156 -6.199219 4.066406 -6.203125 C 3.542969 -6.199219 3.152344 -6.113281 2.898438 -5.949219 C 2.640625 -5.777344 2.511719 -5.523438 2.515625 -5.179688 C 2.511719 -4.867188 2.609375 -4.632813 2.804688 -4.476563 C 2.996094 -4.320313 3.472656 -4.167969 4.234375 -4.027344 L 4.699219 -3.941406 C 5.269531 -3.828125 5.699219 -3.609375 5.992188 -3.289063 C 6.285156 -2.960938 6.433594 -2.539063 6.433594 -2.023438 C 6.433594 -1.328125 6.1875 -0.789063 5.695313 -0.402344 C 5.203125 -0.015625 4.519531 0.175781 3.648438 0.179688 C 3.300781 0.175781 2.9375 0.140625 2.558594 0.0703125 C 2.179688 0 1.769531 -0.109375 1.332031 -0.257813 L 1.332031 -1.441406 C 1.753906 -1.222656 2.164063 -1.054688 2.558594 -0.945313 C 2.949219 -0.832031 3.320313 -0.777344 3.671875 -0.78125 C 4.175781 -0.777344 4.570313 -0.882813 4.851563 -1.089844 C 5.132813 -1.292969 5.273438 -1.582031 5.273438 -1.957031 C 5.273438 -2.488281 4.761719 -2.855469 3.742188 -3.0625 L 3.691406 -3.074219 L 3.261719 -3.160156 C 2.59375 -3.285156 2.109375 -3.503906 1.808594 -3.8125 C 1.503906 -4.117188 1.351563 -4.535156 1.355469 -5.066406 C 1.351563 -5.734375 1.578125 -6.25 2.035156 -6.617188 C 2.488281 -6.976563 3.136719 -7.160156 3.980469 -7.164063 C 4.351563 -7.160156 4.710938 -7.125 5.058594 -7.058594 C 5.402344 -6.988281 5.742188 -6.886719 6.078125 -6.753906 Z M 6.078125 -6.753906 "/>
</symbol>
<symbol overflow="visible" id="glyph1-24">
<path style="stroke:none;" d="M 2.492188 -8.289063 L 2.492188 -4.785156 L 3.953125 -4.785156 C 4.535156 -4.78125 4.988281 -4.933594 5.316406 -5.246094 C 5.640625 -5.550781 5.804688 -5.984375 5.808594 -6.539063 C 5.804688 -7.09375 5.644531 -7.523438 5.320313 -7.828125 C 4.996094 -8.132813 4.539063 -8.285156 3.953125 -8.289063 Z M 1.230469 -9.324219 L 3.953125 -9.324219 C 4.992188 -9.320313 5.78125 -9.085938 6.320313 -8.613281 C 6.855469 -8.140625 7.125 -7.449219 7.128906 -6.539063 C 7.125 -5.617188 6.855469 -4.921875 6.324219 -4.453125 C 5.785156 -3.980469 4.996094 -3.742188 3.953125 -3.746094 L 2.492188 -3.746094 L 2.492188 0 L 1.230469 0 Z M 1.230469 -9.324219 "/>
</symbol>
<symbol overflow="visible" id="glyph1-25">
<path style="stroke:none;" d="M 5.652344 -4.652344 C 5.648438 -6.019531 5.507813 -6.996094 5.230469 -7.585938 C 4.945313 -8.171875 4.484375 -8.464844 3.847656 -8.46875 C 3.207031 -8.464844 2.746094 -8.171875 2.46875 -7.585938 C 2.1875 -6.996094 2.050781 -6.019531 2.050781 -4.652344 C 2.050781 -3.285156 2.1875 -2.308594 2.46875 -1.722656 C 2.746094 -1.136719 3.207031 -0.84375 3.847656 -0.84375 C 4.484375 -0.84375 4.945313 -1.132813 5.230469 -1.71875 C 5.507813 -2.300781 5.648438 -3.28125 5.652344 -4.652344 Z M 6.972656 -4.652344 C 6.972656 -3.027344 6.714844 -1.816406 6.199219 -1.019531 C 5.683594 -0.222656 4.898438 0.175781 3.847656 0.179688 C 2.789063 0.175781 2.003906 -0.21875 1.496094 -1.011719 C 0.980469 -1.804688 0.726563 -3.019531 0.730469 -4.652344 C 0.726563 -6.28125 0.984375 -7.496094 1.5 -8.296875 C 2.015625 -9.09375 2.796875 -9.492188 3.847656 -9.496094 C 4.898438 -9.492188 5.683594 -9.09375 6.199219 -8.296875 C 6.714844 -7.496094 6.972656 -6.28125 6.972656 -4.652344 Z M 6.972656 -4.652344 "/>
</symbol>
<symbol overflow="visible" id="glyph1-26">
<path style="stroke:none;" d="M 0.539063 -9.324219 L 2.222656 -9.324219 L 3.835938 -4.578125 L 5.460938 -9.324219 L 7.152344 -9.324219 L 7.152344 0 L 5.984375 0 L 5.984375 -8.238281 L 4.324219 -3.324219 L 3.367188 -3.324219 L 1.699219 -8.238281 L 1.699219 0 L 0.539063 0 Z M 0.539063 -9.324219 "/>
</symbol>
<symbol overflow="visible" id="glyph1-27">
<path style="stroke:none;" d="M 1.457031 -9.324219 L 6.945313 -9.324219 L 6.945313 -8.265625 L 2.722656 -8.265625 L 2.722656 -5.515625 L 6.550781 -5.515625 L 6.550781 -4.453125 L 2.722656 -4.453125 L 2.722656 0 L 1.457031 0 Z M 1.457031 -9.324219 "/>
</symbol>
<symbol overflow="visible" id="glyph1-28">
<path style="stroke:none;" d="M 5.734375 -3.492188 C 5.730469 -4.382813 5.589844 -5.054688 5.308594 -5.507813 C 5.027344 -5.960938 4.609375 -6.1875 4.054688 -6.191406 C 3.496094 -6.1875 3.070313 -5.960938 2.785156 -5.507813 C 2.496094 -5.050781 2.355469 -4.378906 2.355469 -3.492188 C 2.355469 -2.609375 2.496094 -1.9375 2.785156 -1.480469 C 3.070313 -1.019531 3.496094 -0.789063 4.054688 -0.792969 C 4.609375 -0.789063 5.027344 -1.015625 5.308594 -1.472656 C 5.589844 -1.925781 5.730469 -2.601563 5.734375 -3.492188 Z M 2.355469 -6.101563 C 2.535156 -6.4375 2.785156 -6.699219 3.113281 -6.886719 C 3.433594 -7.066406 3.808594 -7.160156 4.234375 -7.164063 C 5.074219 -7.160156 5.734375 -6.835938 6.21875 -6.191406 C 6.699219 -5.542969 6.941406 -4.652344 6.945313 -3.515625 C 6.941406 -2.359375 6.699219 -1.453125 6.21875 -0.800781 C 5.730469 -0.148438 5.066406 0.175781 4.222656 0.179688 C 3.804688 0.175781 3.4375 0.0898438 3.117188 -0.0898438 C 2.796875 -0.269531 2.542969 -0.535156 2.355469 -0.878906 L 2.355469 0 L 1.207031 0 L 1.207031 -9.71875 L 2.355469 -9.71875 Z M 2.355469 -6.101563 "/>
</symbol>
<symbol overflow="visible" id="glyph1-29">
<path style="stroke:none;" d="M 3.847656 -8.214844 L 2.515625 -3.441406 L 5.179688 -3.441406 Z M 3.085938 -9.324219 L 4.617188 -9.324219 L 7.472656 0 L 6.164063 0 L 5.476563 -2.429688 L 2.210938 -2.429688 L 1.535156 0 L 0.230469 0 Z M 3.085938 -9.324219 "/>
</symbol>
<symbol overflow="visible" id="glyph1-30">
<path style="stroke:none;" d="M 6.320313 -9.007813 L 6.320313 -7.726563 C 5.933594 -7.96875 5.550781 -8.152344 5.167969 -8.28125 C 4.78125 -8.402344 4.390625 -8.464844 4.003906 -8.46875 C 3.402344 -8.464844 2.933594 -8.328125 2.589844 -8.054688 C 2.246094 -7.777344 2.074219 -7.402344 2.074219 -6.933594 C 2.074219 -6.519531 2.1875 -6.207031 2.414063 -5.988281 C 2.640625 -5.769531 3.0625 -5.585938 3.683594 -5.445313 L 4.347656 -5.296875 C 5.222656 -5.09375 5.859375 -4.773438 6.257813 -4.335938 C 6.65625 -3.898438 6.855469 -3.300781 6.859375 -2.546875 C 6.855469 -1.660156 6.582031 -0.984375 6.035156 -0.519531 C 5.484375 -0.0546875 4.683594 0.175781 3.636719 0.179688 C 3.195313 0.175781 2.753906 0.128906 2.316406 0.0390625 C 1.871094 -0.0546875 1.429688 -0.191406 0.988281 -0.382813 L 0.988281 -1.722656 C 1.464844 -1.417969 1.917969 -1.195313 2.34375 -1.054688 C 2.769531 -0.914063 3.199219 -0.84375 3.636719 -0.84375 C 4.269531 -0.84375 4.765625 -0.984375 5.121094 -1.269531 C 5.472656 -1.554688 5.648438 -1.953125 5.652344 -2.46875 C 5.648438 -2.929688 5.527344 -3.285156 5.285156 -3.535156 C 5.042969 -3.777344 4.617188 -3.96875 4.015625 -4.105469 L 3.34375 -4.261719 C 2.472656 -4.453125 1.84375 -4.75 1.453125 -5.148438 C 1.0625 -5.542969 0.867188 -6.074219 0.867188 -6.738281 C 0.867188 -7.570313 1.144531 -8.238281 1.707031 -8.742188 C 2.261719 -9.242188 3.007813 -9.492188 3.941406 -9.496094 C 4.296875 -9.492188 4.671875 -9.449219 5.070313 -9.371094 C 5.460938 -9.285156 5.878906 -9.164063 6.320313 -9.007813 Z M 6.320313 -9.007813 "/>
</symbol>
<symbol overflow="visible" id="glyph1-31">
<path style="stroke:none;" d="M 1.597656 -6.996094 L 4.542969 -6.996094 L 4.542969 -0.894531 L 6.820313 -0.894531 L 6.820313 0 L 1.113281 0 L 1.113281 -0.894531 L 3.390625 -0.894531 L 3.390625 -6.101563 L 1.597656 -6.101563 Z M 4.722656 -10.230469 L 5.960938 -10.230469 L 3.929688 -7.882813 L 2.96875 -7.882813 Z M 4.722656 -10.230469 "/>
</symbol>
<symbol overflow="visible" id="glyph1-32">
<path style="stroke:none;" d="M 5.359375 -3.554688 C 5.355469 -4.414063 5.214844 -5.070313 4.9375 -5.519531 C 4.652344 -5.964844 4.242188 -6.1875 3.710938 -6.191406 C 3.144531 -6.1875 2.714844 -5.964844 2.421875 -5.519531 C 2.125 -5.070313 1.980469 -4.414063 1.980469 -3.554688 C 1.980469 -2.691406 2.128906 -2.035156 2.425781 -1.582031 C 2.722656 -1.128906 3.152344 -0.902344 3.722656 -0.90625 C 4.246094 -0.902344 4.652344 -1.128906 4.9375 -1.585938 C 5.214844 -2.035156 5.355469 -2.691406 5.359375 -3.554688 Z M 6.507813 -0.449219 C 6.503906 0.601563 6.257813 1.394531 5.765625 1.9375 C 5.269531 2.476563 4.539063 2.746094 3.578125 2.75 C 3.261719 2.746094 2.929688 2.71875 2.585938 2.660156 C 2.234375 2.601563 1.890625 2.515625 1.550781 2.40625 L 1.550781 1.269531 C 1.953125 1.457031 2.324219 1.597656 2.660156 1.691406 C 2.992188 1.78125 3.296875 1.828125 3.578125 1.832031 C 4.199219 1.828125 4.652344 1.660156 4.933594 1.324219 C 5.214844 0.984375 5.355469 0.449219 5.359375 -0.28125 L 5.359375 -1.113281 C 5.175781 -0.71875 4.925781 -0.425781 4.609375 -0.234375 C 4.292969 -0.046875 3.90625 0.046875 3.453125 0.0507813 C 2.632813 0.046875 1.984375 -0.277344 1.5 -0.929688 C 1.011719 -1.582031 0.765625 -2.457031 0.769531 -3.554688 C 0.765625 -4.652344 1.011719 -5.527344 1.5 -6.183594 C 1.984375 -6.832031 2.632813 -7.160156 3.453125 -7.164063 C 3.898438 -7.160156 4.28125 -7.070313 4.597656 -6.894531 C 4.90625 -6.714844 5.160156 -6.4375 5.359375 -6.066406 L 5.359375 -6.972656 L 6.507813 -6.972656 Z M 6.507813 -0.449219 "/>
</symbol>
<symbol overflow="visible" id="glyph2-0">
<path style="stroke:none;" d="M 0.0546875 -8.160156 L 7.574219 -8.160156 L 7.574219 -6.570313 L 4.867188 -6.570313 L 4.867188 0 L 2.765625 0 L 2.765625 -6.570313 L 0.0546875 -6.570313 Z M 0.0546875 -8.160156 "/>
</symbol>
<symbol overflow="visible" id="glyph2-1">
<path style="stroke:none;" d="M 5.488281 -4.453125 C 5.3125 -4.53125 5.140625 -4.589844 4.976563 -4.628906 C 4.804688 -4.667969 4.636719 -4.6875 4.464844 -4.6875 C 3.960938 -4.6875 3.570313 -4.523438 3.300781 -4.203125 C 3.027344 -3.878906 2.894531 -3.417969 2.894531 -2.820313 L 2.894531 0 L 0.941406 0 L 0.941406 -6.121094 L 2.894531 -6.121094 L 2.894531 -5.113281 C 3.144531 -5.511719 3.433594 -5.804688 3.761719 -5.992188 C 4.085938 -6.175781 4.476563 -6.269531 4.933594 -6.269531 C 4.996094 -6.269531 5.066406 -6.265625 5.144531 -6.257813 C 5.222656 -6.25 5.332031 -6.238281 5.480469 -6.222656 Z M 5.488281 -4.453125 "/>
</symbol>
<symbol overflow="visible" id="glyph2-2">
<path style="stroke:none;" d="M 3.683594 -2.753906 C 3.273438 -2.753906 2.964844 -2.683594 2.761719 -2.546875 C 2.550781 -2.40625 2.449219 -2.203125 2.453125 -1.933594 C 2.449219 -1.683594 2.53125 -1.488281 2.699219 -1.351563 C 2.863281 -1.207031 3.09375 -1.136719 3.394531 -1.140625 C 3.757813 -1.136719 4.066406 -1.269531 4.320313 -1.535156 C 4.570313 -1.800781 4.699219 -2.132813 4.699219 -2.53125 L 4.699219 -2.753906 Z M 6.671875 -3.492188 L 6.671875 0 L 4.699219 0 L 4.699219 -0.90625 C 4.433594 -0.535156 4.136719 -0.265625 3.8125 -0.09375 C 3.484375 0.0742188 3.085938 0.15625 2.617188 0.160156 C 1.980469 0.15625 1.464844 -0.0234375 1.074219 -0.394531 C 0.675781 -0.761719 0.480469 -1.242188 0.480469 -1.835938 C 0.480469 -2.550781 0.726563 -3.078125 1.21875 -3.414063 C 1.710938 -3.746094 2.484375 -3.914063 3.546875 -3.917969 L 4.699219 -3.917969 L 4.699219 -4.070313 C 4.699219 -4.378906 4.574219 -4.605469 4.332031 -4.75 C 4.085938 -4.894531 3.707031 -4.96875 3.191406 -4.96875 C 2.769531 -4.96875 2.378906 -4.925781 2.019531 -4.839844 C 1.65625 -4.753906 1.320313 -4.628906 1.015625 -4.464844 L 1.015625 -5.957031 C 1.429688 -6.054688 1.851563 -6.132813 2.277344 -6.1875 C 2.699219 -6.242188 3.121094 -6.269531 3.546875 -6.269531 C 4.648438 -6.269531 5.445313 -6.050781 5.9375 -5.613281 C 6.421875 -5.175781 6.667969 -4.46875 6.671875 -3.492188 Z M 6.671875 -3.492188 "/>
</symbol>
<symbol overflow="visible" id="glyph2-3">
<path style="stroke:none;" d="M 7.09375 -3.726563 L 7.09375 0 L 5.125 0 L 5.125 -2.851563 C 5.121094 -3.378906 5.109375 -3.742188 5.089844 -3.945313 C 5.0625 -4.140625 5.023438 -4.289063 4.96875 -4.386719 C 4.890625 -4.511719 4.785156 -4.609375 4.65625 -4.683594 C 4.523438 -4.753906 4.375 -4.792969 4.207031 -4.792969 C 3.796875 -4.792969 3.472656 -4.632813 3.242188 -4.320313 C 3.007813 -4 2.894531 -3.566406 2.894531 -3.011719 L 2.894531 0 L 0.941406 0 L 0.941406 -6.121094 L 2.894531 -6.121094 L 2.894531 -5.222656 C 3.191406 -5.574219 3.503906 -5.839844 3.835938 -6.011719 C 4.164063 -6.183594 4.53125 -6.269531 4.933594 -6.269531 C 5.640625 -6.269531 6.175781 -6.050781 6.542969 -5.617188 C 6.90625 -5.183594 7.089844 -4.554688 7.09375 -3.726563 Z M 7.09375 -3.726563 "/>
</symbol>
<symbol overflow="visible" id="glyph2-4">
<path style="stroke:none;" d="M 5.722656 -5.929688 L 5.722656 -4.441406 C 5.300781 -4.613281 4.894531 -4.742188 4.507813 -4.835938 C 4.113281 -4.921875 3.746094 -4.96875 3.40625 -4.96875 C 3.03125 -4.96875 2.753906 -4.921875 2.574219 -4.828125 C 2.390625 -4.734375 2.300781 -4.589844 2.304688 -4.398438 C 2.300781 -4.238281 2.371094 -4.117188 2.507813 -4.039063 C 2.644531 -3.953125 2.890625 -3.890625 3.246094 -3.851563 L 3.589844 -3.804688 C 4.589844 -3.671875 5.265625 -3.464844 5.613281 -3.175781 C 5.957031 -2.882813 6.128906 -2.425781 6.132813 -1.804688 C 6.128906 -1.148438 5.886719 -0.65625 5.410156 -0.332031 C 4.925781 -0.00390625 4.210938 0.15625 3.257813 0.160156 C 2.851563 0.15625 2.429688 0.125 2 0.0625 C 1.566406 0 1.125 -0.09375 0.671875 -0.222656 L 0.671875 -1.710938 C 1.058594 -1.519531 1.457031 -1.375 1.871094 -1.28125 C 2.277344 -1.183594 2.695313 -1.136719 3.121094 -1.140625 C 3.5 -1.136719 3.789063 -1.191406 3.984375 -1.300781 C 4.175781 -1.40625 4.269531 -1.5625 4.273438 -1.769531 C 4.269531 -1.941406 4.203125 -2.070313 4.074219 -2.160156 C 3.9375 -2.242188 3.671875 -2.308594 3.277344 -2.359375 L 2.933594 -2.40625 C 2.0625 -2.511719 1.453125 -2.710938 1.101563 -3.007813 C 0.75 -3.300781 0.574219 -3.75 0.578125 -4.355469 C 0.574219 -5 0.796875 -5.480469 1.246094 -5.796875 C 1.6875 -6.109375 2.367188 -6.269531 3.289063 -6.269531 C 3.648438 -6.269531 4.027344 -6.242188 4.425781 -6.1875 C 4.820313 -6.132813 5.253906 -6.046875 5.722656 -5.929688 Z M 5.722656 -5.929688 "/>
</symbol>
<symbol overflow="visible" id="glyph2-5">
<path style="stroke:none;" d="M 2.894531 -0.886719 L 2.894531 2.328125 L 0.941406 2.328125 L 0.941406 -6.121094 L 2.894531 -6.121094 L 2.894531 -5.222656 C 3.164063 -5.574219 3.460938 -5.839844 3.792969 -6.011719 C 4.117188 -6.183594 4.496094 -6.269531 4.921875 -6.269531 C 5.675781 -6.269531 6.292969 -5.96875 6.78125 -5.367188 C 7.261719 -4.765625 7.503906 -3.992188 7.507813 -3.054688 C 7.503906 -2.109375 7.261719 -1.339844 6.78125 -0.738281 C 6.292969 -0.140625 5.675781 0.15625 4.921875 0.160156 C 4.496094 0.15625 4.117188 0.0742188 3.792969 -0.09375 C 3.460938 -0.265625 3.164063 -0.527344 2.894531 -0.886719 Z M 4.195313 -4.847656 C 3.773438 -4.84375 3.449219 -4.691406 3.230469 -4.382813 C 3.003906 -4.074219 2.894531 -3.628906 2.894531 -3.054688 C 2.894531 -2.472656 3.003906 -2.03125 3.230469 -1.722656 C 3.449219 -1.414063 3.773438 -1.257813 4.195313 -1.261719 C 4.613281 -1.257813 4.933594 -1.410156 5.15625 -1.71875 C 5.375 -2.023438 5.484375 -2.46875 5.488281 -3.054688 C 5.484375 -3.632813 5.375 -4.078125 5.15625 -4.386719 C 4.933594 -4.691406 4.613281 -4.84375 4.195313 -4.847656 Z M 4.195313 -4.847656 "/>
</symbol>
<symbol overflow="visible" id="glyph2-6">
<path style="stroke:none;" d="M 3.851563 -4.867188 C 3.414063 -4.863281 3.085938 -4.707031 2.859375 -4.398438 C 2.632813 -4.085938 2.519531 -3.636719 2.519531 -3.054688 C 2.519531 -2.464844 2.632813 -2.015625 2.859375 -1.707031 C 3.085938 -1.394531 3.414063 -1.242188 3.851563 -1.242188 C 4.273438 -1.242188 4.601563 -1.394531 4.828125 -1.707031 C 5.054688 -2.015625 5.167969 -2.464844 5.167969 -3.054688 C 5.167969 -3.636719 5.054688 -4.085938 4.828125 -4.398438 C 4.601563 -4.707031 4.273438 -4.863281 3.851563 -4.867188 Z M 3.851563 -6.269531 C 4.902344 -6.269531 5.726563 -5.984375 6.320313 -5.414063 C 6.910156 -4.84375 7.207031 -4.054688 7.207031 -3.054688 C 7.207031 -2.046875 6.910156 -1.261719 6.320313 -0.691406 C 5.726563 -0.125 4.902344 0.15625 3.851563 0.160156 C 2.792969 0.15625 1.96875 -0.125 1.375 -0.691406 C 0.777344 -1.261719 0.480469 -2.046875 0.480469 -3.054688 C 0.480469 -4.054688 0.777344 -4.84375 1.375 -5.414063 C 1.96875 -5.984375 2.792969 -6.269531 3.851563 -6.269531 Z M 3.851563 -6.269531 "/>
</symbol>
<symbol overflow="visible" id="glyph2-7">
<path style="stroke:none;" d="M 3.078125 -7.859375 L 3.078125 -6.121094 L 5.09375 -6.121094 L 5.09375 -4.722656 L 3.078125 -4.722656 L 3.078125 -2.125 C 3.074219 -1.839844 3.132813 -1.648438 3.246094 -1.546875 C 3.355469 -1.445313 3.578125 -1.394531 3.917969 -1.398438 L 4.921875 -1.398438 L 4.921875 0 L 3.246094 0 C 2.472656 0 1.921875 -0.160156 1.601563 -0.484375 C 1.277344 -0.804688 1.117188 -1.351563 1.121094 -2.125 L 1.121094 -4.722656 L 0.148438 -4.722656 L 0.148438 -6.121094 L 1.121094 -6.121094 L 1.121094 -7.859375 Z M 3.078125 -7.859375 "/>
</symbol>
<symbol overflow="visible" id="glyph2-8">
<path style="stroke:none;" d="M 7.050781 -3.078125 L 7.050781 -2.519531 L 2.476563 -2.519531 C 2.519531 -2.058594 2.683594 -1.710938 2.972656 -1.484375 C 3.253906 -1.25 3.652344 -1.136719 4.164063 -1.140625 C 4.574219 -1.136719 4.996094 -1.199219 5.429688 -1.324219 C 5.859375 -1.445313 6.300781 -1.628906 6.757813 -1.878906 L 6.757813 -0.371094 C 6.292969 -0.191406 5.832031 -0.0625 5.371094 0.0234375 C 4.90625 0.113281 4.445313 0.15625 3.984375 0.160156 C 2.875 0.15625 2.011719 -0.121094 1.402344 -0.683594 C 0.785156 -1.246094 0.480469 -2.035156 0.480469 -3.054688 C 0.480469 -4.046875 0.78125 -4.832031 1.382813 -5.410156 C 1.984375 -5.980469 2.8125 -6.269531 3.875 -6.269531 C 4.832031 -6.269531 5.601563 -5.976563 6.183594 -5.398438 C 6.757813 -4.816406 7.046875 -4.042969 7.050781 -3.078125 Z M 5.039063 -3.726563 C 5.039063 -4.097656 4.929688 -4.394531 4.710938 -4.625 C 4.492188 -4.851563 4.207031 -4.96875 3.863281 -4.96875 C 3.480469 -4.96875 3.175781 -4.859375 2.941406 -4.648438 C 2.703125 -4.429688 2.554688 -4.125 2.496094 -3.726563 Z M 5.039063 -3.726563 "/>
</symbol>
<symbol overflow="visible" id="glyph3-0">
<path style="stroke:none;" d="M 0.0546875 -8.160156 L 2.167969 -8.160156 L 4.332031 -2.136719 L 6.492188 -8.160156 L 8.605469 -8.160156 L 5.585938 0 L 3.078125 0 Z M 0.0546875 -8.160156 "/>
</symbol>
<symbol overflow="visible" id="glyph3-1">
<path style="stroke:none;" d="M 7.050781 -3.078125 L 7.050781 -2.519531 L 2.476563 -2.519531 C 2.519531 -2.058594 2.683594 -1.710938 2.972656 -1.484375 C 3.253906 -1.25 3.652344 -1.136719 4.164063 -1.140625 C 4.574219 -1.136719 4.996094 -1.199219 5.429688 -1.324219 C 5.859375 -1.445313 6.300781 -1.628906 6.757813 -1.878906 L 6.757813 -0.371094 C 6.292969 -0.191406 5.832031 -0.0625 5.371094 0.0234375 C 4.90625 0.113281 4.445313 0.15625 3.984375 0.160156 C 2.875 0.15625 2.011719 -0.121094 1.402344 -0.683594 C 0.785156 -1.246094 0.480469 -2.035156 0.480469 -3.054688 C 0.480469 -4.046875 0.78125 -4.832031 1.382813 -5.410156 C 1.984375 -5.980469 2.8125 -6.269531 3.875 -6.269531 C 4.832031 -6.269531 5.601563 -5.976563 6.183594 -5.398438 C 6.757813 -4.816406 7.046875 -4.042969 7.050781 -3.078125 Z M 5.039063 -3.726563 C 5.039063 -4.097656 4.929688 -4.394531 4.710938 -4.625 C 4.492188 -4.851563 4.207031 -4.96875 3.863281 -4.96875 C 3.480469 -4.96875 3.175781 -4.859375 2.941406 -4.648438 C 2.703125 -4.429688 2.554688 -4.125 2.496094 -3.726563 Z M 5.039063 -3.726563 "/>
</symbol>
<symbol overflow="visible" id="glyph3-2">
<path style="stroke:none;" d="M 7.09375 -3.726563 L 7.09375 0 L 5.125 0 L 5.125 -2.839844 C 5.121094 -3.375 5.109375 -3.742188 5.089844 -3.945313 C 5.0625 -4.140625 5.023438 -4.289063 4.96875 -4.386719 C 4.890625 -4.511719 4.785156 -4.609375 4.65625 -4.683594 C 4.523438 -4.753906 4.375 -4.792969 4.207031 -4.792969 C 3.796875 -4.792969 3.472656 -4.632813 3.242188 -4.320313 C 3.007813 -4 2.894531 -3.566406 2.894531 -3.011719 L 2.894531 0 L 0.941406 0 L 0.941406 -8.503906 L 2.894531 -8.503906 L 2.894531 -5.222656 C 3.191406 -5.574219 3.503906 -5.839844 3.835938 -6.011719 C 4.164063 -6.183594 4.53125 -6.269531 4.933594 -6.269531 C 5.640625 -6.269531 6.175781 -6.050781 6.542969 -5.617188 C 6.90625 -5.183594 7.089844 -4.554688 7.09375 -3.726563 Z M 7.09375 -3.726563 "/>
</symbol>
<symbol overflow="visible" id="glyph3-3">
<path style="stroke:none;" d="M 0.941406 -6.121094 L 2.894531 -6.121094 L 2.894531 0 L 0.941406 0 Z M 0.941406 -8.503906 L 2.894531 -8.503906 L 2.894531 -6.90625 L 0.941406 -6.90625 Z M 0.941406 -8.503906 "/>
</symbol>
<symbol overflow="visible" id="glyph3-4">
<path style="stroke:none;" d="M 5.886719 -5.929688 L 5.886719 -4.332031 C 5.617188 -4.511719 5.351563 -4.648438 5.085938 -4.734375 C 4.816406 -4.820313 4.535156 -4.863281 4.25 -4.867188 C 3.703125 -4.863281 3.28125 -4.703125 2.976563 -4.390625 C 2.671875 -4.070313 2.519531 -3.625 2.519531 -3.054688 C 2.519531 -2.476563 2.671875 -2.03125 2.976563 -1.71875 C 3.28125 -1.398438 3.703125 -1.242188 4.25 -1.242188 C 4.554688 -1.242188 4.847656 -1.285156 5.121094 -1.378906 C 5.394531 -1.464844 5.648438 -1.601563 5.886719 -1.78125 L 5.886719 -0.179688 C 5.578125 -0.0664063 5.265625 0.015625 4.953125 0.0742188 C 4.632813 0.128906 4.316406 0.15625 4.003906 0.160156 C 2.898438 0.15625 2.035156 -0.121094 1.414063 -0.6875 C 0.789063 -1.25 0.480469 -2.039063 0.480469 -3.054688 C 0.480469 -4.0625 0.789063 -4.851563 1.414063 -5.417969 C 2.035156 -5.984375 2.898438 -6.269531 4.003906 -6.269531 C 4.324219 -6.269531 4.640625 -6.238281 4.953125 -6.183594 C 5.261719 -6.121094 5.574219 -6.039063 5.886719 -5.929688 Z M 5.886719 -5.929688 "/>
</symbol>
<symbol overflow="visible" id="glyph3-5">
<path style="stroke:none;" d="M 0.875 -2.382813 L 0.875 -6.121094 L 2.839844 -6.121094 L 2.839844 -5.507813 C 2.835938 -5.175781 2.835938 -4.757813 2.835938 -4.257813 C 2.832031 -3.753906 2.828125 -3.421875 2.832031 -3.257813 C 2.828125 -2.765625 2.839844 -2.410156 2.867188 -2.191406 C 2.890625 -1.972656 2.9375 -1.816406 3 -1.722656 C 3.078125 -1.59375 3.179688 -1.492188 3.3125 -1.425781 C 3.4375 -1.355469 3.585938 -1.324219 3.757813 -1.324219 C 4.164063 -1.324219 4.484375 -1.480469 4.71875 -1.792969 C 4.949219 -2.105469 5.066406 -2.539063 5.070313 -3.097656 L 5.070313 -6.121094 L 7.027344 -6.121094 L 7.027344 0 L 5.070313 0 L 5.070313 -0.886719 C 4.773438 -0.527344 4.460938 -0.265625 4.132813 -0.09375 C 3.800781 0.0742188 3.4375 0.15625 3.042969 0.160156 C 2.332031 0.15625 1.796875 -0.0546875 1.429688 -0.488281 C 1.058594 -0.917969 0.871094 -1.550781 0.875 -2.382813 Z M 0.875 -2.382813 "/>
</symbol>
<symbol overflow="visible" id="glyph3-6">
<path style="stroke:none;" d="M 0.941406 -8.503906 L 2.894531 -8.503906 L 2.894531 0 L 0.941406 0 Z M 0.941406 -8.503906 "/>
</symbol>
<symbol overflow="visible" id="glyph3-7">
<path style="stroke:none;" d="M 3.851563 -4.867188 C 3.414063 -4.863281 3.085938 -4.707031 2.859375 -4.398438 C 2.632813 -4.085938 2.519531 -3.636719 2.519531 -3.054688 C 2.519531 -2.464844 2.632813 -2.015625 2.859375 -1.707031 C 3.085938 -1.394531 3.414063 -1.242188 3.851563 -1.242188 C 4.273438 -1.242188 4.601563 -1.394531 4.828125 -1.707031 C 5.054688 -2.015625 5.167969 -2.464844 5.167969 -3.054688 C 5.167969 -3.636719 5.054688 -4.085938 4.828125 -4.398438 C 4.601563 -4.707031 4.273438 -4.863281 3.851563 -4.867188 Z M 3.851563 -6.269531 C 4.902344 -6.269531 5.726563 -5.984375 6.320313 -5.414063 C 6.910156 -4.84375 7.207031 -4.054688 7.207031 -3.054688 C 7.207031 -2.046875 6.910156 -1.261719 6.320313 -0.691406 C 5.726563 -0.125 4.902344 0.15625 3.851563 0.160156 C 2.792969 0.15625 1.96875 -0.125 1.375 -0.691406 C 0.777344 -1.261719 0.480469 -2.046875 0.480469 -3.054688 C 0.480469 -4.054688 0.777344 -4.84375 1.375 -5.414063 C 1.96875 -5.984375 2.792969 -6.269531 3.851563 -6.269531 Z M 3.851563 -6.269531 "/>
</symbol>
<symbol overflow="visible" id="glyph4-0">
<path style="stroke:none;" d="M 5.976563 -1.488281 L 2.6875 -1.488281 L 2.167969 0 L 0.0546875 0 L 3.078125 -8.160156 L 5.585938 -8.160156 L 8.605469 0 L 6.492188 0 Z M 3.214844 -3 L 5.449219 -3 L 4.332031 -6.246094 Z M 3.214844 -3 "/>
</symbol>
<symbol overflow="visible" id="glyph4-1">
<path style="stroke:none;" d="M 0.941406 -8.503906 L 2.894531 -8.503906 L 2.894531 0 L 0.941406 0 Z M 0.941406 -8.503906 "/>
</symbol>
<symbol overflow="visible" id="glyph4-2">
<path style="stroke:none;" d="M 4.195313 -1.261719 C 4.613281 -1.257813 4.933594 -1.410156 5.15625 -1.71875 C 5.375 -2.023438 5.484375 -2.46875 5.488281 -3.054688 C 5.484375 -3.632813 5.375 -4.078125 5.15625 -4.386719 C 4.933594 -4.691406 4.613281 -4.84375 4.195313 -4.847656 C 3.773438 -4.84375 3.449219 -4.691406 3.230469 -4.382813 C 3.003906 -4.074219 2.894531 -3.628906 2.894531 -3.054688 C 2.894531 -2.472656 3.003906 -2.03125 3.230469 -1.722656 C 3.449219 -1.414063 3.773438 -1.257813 4.195313 -1.261719 Z M 2.894531 -5.222656 C 3.164063 -5.574219 3.460938 -5.839844 3.792969 -6.011719 C 4.117188 -6.183594 4.496094 -6.269531 4.921875 -6.269531 C 5.675781 -6.269531 6.292969 -5.96875 6.78125 -5.367188 C 7.261719 -4.765625 7.503906 -3.992188 7.507813 -3.054688 C 7.503906 -2.109375 7.261719 -1.339844 6.78125 -0.738281 C 6.292969 -0.140625 5.675781 0.15625 4.921875 0.160156 C 4.496094 0.15625 4.117188 0.0742188 3.792969 -0.09375 C 3.460938 -0.265625 3.164063 -0.527344 2.894531 -0.886719 L 2.894531 0 L 0.941406 0 L 0.941406 -8.503906 L 2.894531 -8.503906 Z M 2.894531 -5.222656 "/>
</symbol>
<symbol overflow="visible" id="glyph4-3">
<path style="stroke:none;" d="M 3.683594 -2.753906 C 3.273438 -2.753906 2.964844 -2.683594 2.761719 -2.546875 C 2.550781 -2.40625 2.449219 -2.203125 2.453125 -1.933594 C 2.449219 -1.683594 2.53125 -1.488281 2.699219 -1.351563 C 2.863281 -1.207031 3.09375 -1.136719 3.394531 -1.140625 C 3.757813 -1.136719 4.066406 -1.269531 4.320313 -1.535156 C 4.570313 -1.800781 4.699219 -2.132813 4.699219 -2.53125 L 4.699219 -2.753906 Z M 6.671875 -3.492188 L 6.671875 0 L 4.699219 0 L 4.699219 -0.90625 C 4.433594 -0.535156 4.136719 -0.265625 3.8125 -0.09375 C 3.484375 0.0742188 3.085938 0.15625 2.617188 0.160156 C 1.980469 0.15625 1.464844 -0.0234375 1.074219 -0.394531 C 0.675781 -0.761719 0.480469 -1.242188 0.480469 -1.835938 C 0.480469 -2.550781 0.726563 -3.078125 1.21875 -3.414063 C 1.710938 -3.746094 2.484375 -3.914063 3.546875 -3.917969 L 4.699219 -3.917969 L 4.699219 -4.070313 C 4.699219 -4.378906 4.574219 -4.605469 4.332031 -4.75 C 4.085938 -4.894531 3.707031 -4.96875 3.191406 -4.96875 C 2.769531 -4.96875 2.378906 -4.925781 2.019531 -4.839844 C 1.65625 -4.753906 1.320313 -4.628906 1.015625 -4.464844 L 1.015625 -5.957031 C 1.429688 -6.054688 1.851563 -6.132813 2.277344 -6.1875 C 2.699219 -6.242188 3.121094 -6.269531 3.546875 -6.269531 C 4.648438 -6.269531 5.445313 -6.050781 5.9375 -5.613281 C 6.421875 -5.175781 6.667969 -4.46875 6.671875 -3.492188 Z M 6.671875 -3.492188 "/>
</symbol>
<symbol overflow="visible" id="glyph4-4">
<path style="stroke:none;" d="M 5.488281 -4.453125 C 5.3125 -4.53125 5.140625 -4.589844 4.976563 -4.628906 C 4.804688 -4.667969 4.636719 -4.6875 4.464844 -4.6875 C 3.960938 -4.6875 3.570313 -4.523438 3.300781 -4.203125 C 3.027344 -3.878906 2.894531 -3.417969 2.894531 -2.820313 L 2.894531 0 L 0.941406 0 L 0.941406 -6.121094 L 2.894531 -6.121094 L 2.894531 -5.113281 C 3.144531 -5.511719 3.433594 -5.804688 3.761719 -5.992188 C 4.085938 -6.175781 4.476563 -6.269531 4.933594 -6.269531 C 4.996094 -6.269531 5.066406 -6.265625 5.144531 -6.257813 C 5.222656 -6.25 5.332031 -6.238281 5.480469 -6.222656 Z M 5.488281 -4.453125 "/>
</symbol>
<symbol overflow="visible" id="glyph4-5">
<path style="stroke:none;" d="M 7.09375 -3.726563 L 7.09375 0 L 5.125 0 L 5.125 -2.851563 C 5.121094 -3.378906 5.109375 -3.742188 5.089844 -3.945313 C 5.0625 -4.140625 5.023438 -4.289063 4.96875 -4.386719 C 4.890625 -4.511719 4.785156 -4.609375 4.65625 -4.683594 C 4.523438 -4.753906 4.375 -4.792969 4.207031 -4.792969 C 3.796875 -4.792969 3.472656 -4.632813 3.242188 -4.320313 C 3.007813 -4 2.894531 -3.566406 2.894531 -3.011719 L 2.894531 0 L 0.941406 0 L 0.941406 -6.121094 L 2.894531 -6.121094 L 2.894531 -5.222656 C 3.191406 -5.574219 3.503906 -5.839844 3.835938 -6.011719 C 4.164063 -6.183594 4.53125 -6.269531 4.933594 -6.269531 C 5.640625 -6.269531 6.175781 -6.050781 6.542969 -5.617188 C 6.90625 -5.183594 7.089844 -4.554688 7.09375 -3.726563 Z M 7.09375 -3.726563 "/>
</symbol>
<symbol overflow="visible" id="glyph5-0">
<path style="stroke:none;" d="M 2.109375 -1.328125 L 4.5625 -1.328125 L 4.5625 -10.238281 L 1.921875 -9.644531 L 1.921875 -11.082031 L 4.546875 -11.660156 L 6.125 -11.660156 L 6.125 -1.328125 L 8.542969 -1.328125 L 8.542969 0 L 2.109375 0 Z M 2.109375 -1.328125 "/>
</symbol>
<symbol overflow="visible" id="glyph5-1">
<path style="stroke:none;" d="M 8.207031 -5.421875 L 8.207031 0 L 6.765625 0 L 6.765625 -5.421875 C 6.761719 -6.203125 6.625 -6.78125 6.351563 -7.15625 C 6.074219 -7.523438 5.640625 -7.710938 5.054688 -7.710938 C 4.378906 -7.710938 3.863281 -7.472656 3.503906 -6.996094 C 3.140625 -6.519531 2.957031 -5.835938 2.960938 -4.945313 L 2.960938 0 L 1.523438 0 L 1.523438 -8.746094 L 2.960938 -8.746094 L 2.960938 -7.4375 C 3.210938 -7.929688 3.558594 -8.308594 4 -8.570313 C 4.433594 -8.824219 4.953125 -8.953125 5.554688 -8.957031 C 6.445313 -8.953125 7.109375 -8.660156 7.546875 -8.078125 C 7.984375 -7.492188 8.203125 -6.605469 8.207031 -5.421875 Z M 8.207031 -5.421875 "/>
</symbol>
</g>
</defs>
<g id="surface41625">
<rect x="0" y="0" width="884" height="402" style="fill:rgb(100%,100%,100%);fill-opacity:1;stroke:none;"/>
<path style="fill-rule:evenodd;fill:rgb(100%,100%,100%);fill-opacity:1;stroke-width:0.1;stroke-linecap:butt;stroke-linejoin:miter;stroke:rgb(0%,0%,0%);stroke-opacity:1;stroke-miterlimit:10;" d="M 3.3 7.05 L 14.994922 7.05 L 14.994922 7.95 L 3.3 7.95 Z M 3.3 7.05 " transform="matrix(20,0,0,20,-66,-102)"/>
<g style="fill:rgb(0%,0%,0%);fill-opacity:1;">
  <use xlink:href="#glyph0-0" x="84.410156" y="53"/>
  <use xlink:href="#glyph0-1" x="92.632813" y="53"/>
  <use xlink:href="#glyph0-2" x="100.328125" y="53"/>
  <use xlink:href="#glyph0-3" x="108.296875" y="53"/>
  <use xlink:href="#glyph0-4" x="116.304687" y="53"/>
  <use xlink:href="#glyph0-5" x="124.273437" y="53"/>
  <use xlink:href="#glyph0-6" x="130.914063" y="53"/>
  <use xlink:href="#glyph0-1" x="136.265625" y="53"/>
  <use xlink:href="#glyph0-7" x="143.960938" y="53"/>
</g>
<path style="fill-rule:evenodd;fill:rgb(100%,100%,100%);fill-opacity:1;stroke-width:0.1;stroke-linecap:butt;stroke-linejoin:miter;stroke:rgb(0%,0%,0%);stroke-opacity:1;stroke-miterlimit:10;" d="M 3.3 7.95 L 14.994922 7.95 L 14.994922 12.15 L 3.3 12.15 Z M 3.3 7.95 " transform="matrix(20,0,0,20,-66,-102)"/>
<path style=" stroke:none;fill-rule:evenodd;fill:rgb(0%,0%,0%);fill-opacity:1;" d="M 3 67 L 5 70 L 7 67 L 5 64 Z M 3 67 "/>
<g style="fill:rgb(0%,0%,0%);fill-opacity:1;">
  <use xlink:href="#glyph1-0" x="9" y="73"/>
  <use xlink:href="#glyph1-1" x="16.695313" y="73"/>
  <use xlink:href="#glyph1-2" x="24.390625" y="73"/>
</g>
<g style="fill:rgb(0%,0%,0%);fill-opacity:1;">
  <use xlink:href="#glyph1-3" x="173" y="73"/>
  <use xlink:href="#glyph1-4" x="180.695313" y="73"/>
  <use xlink:href="#glyph1-5" x="188.390625" y="73"/>
  <use xlink:href="#glyph1-6" x="196.085938" y="73"/>
  <use xlink:href="#glyph1-7" x="203.78125" y="73"/>
  <use xlink:href="#glyph1-4" x="211.476563" y="73"/>
  <use xlink:href="#glyph1-5" x="219.171875" y="73"/>
</g>
<path style="fill:none;stroke-width:0.05;stroke-linecap:butt;stroke-linejoin:miter;stroke:rgb(0%,0%,0%);stroke-opacity:1;stroke-miterlimit:10;" d="M 3.75 8.830078 L 14.644922 8.830078 " transform="matrix(20,0,0,20,-66,-102)"/>
<path style="fill:none;stroke-width:0.05;stroke-linecap:butt;stroke-linejoin:miter;stroke:rgb(0%,0%,0%);stroke-opacity:1;stroke-miterlimit:10;" d="M 3.65 9.25 C 3.65 9.383398 3.45 9.383398 3.45 9.25 C 3.45 9.116602 3.65 9.116602 3.65 9.25 " transform="matrix(20,0,0,20,-66,-102)"/>
<g style="fill:rgb(0%,0%,0%);fill-opacity:1;">
  <use xlink:href="#glyph1-8" x="9" y="89"/>
  <use xlink:href="#glyph1-9" x="16.695313" y="89"/>
  <use xlink:href="#glyph1-10" x="24.390625" y="89"/>
  <use xlink:href="#glyph1-11" x="32.085938" y="89"/>
</g>
<g style="fill:rgb(0%,0%,0%);fill-opacity:1;">
  <use xlink:href="#glyph1-3" x="173" y="89"/>
  <use xlink:href="#glyph1-4" x="180.695313" y="89"/>
  <use xlink:href="#glyph1-5" x="188.390625" y="89"/>
  <use xlink:href="#glyph1-6" x="196.085938" y="89"/>
  <use xlink:href="#glyph1-7" x="203.78125" y="89"/>
  <use xlink:href="#glyph1-4" x="211.476563" y="89"/>
  <use xlink:href="#glyph1-5" x="219.171875" y="89"/>
</g>
<path style="fill:none;stroke-width:0.05;stroke-linecap:butt;stroke-linejoin:miter;stroke:rgb(0%,0%,0%);stroke-opacity:1;stroke-miterlimit:10;" d="M 3.65 10.05 C 3.65 10.183398 3.45 10.183398 3.45 10.05 C 3.45 9.916602 3.65 9.916602 3.65 10.05 " transform="matrix(20,0,0,20,-66,-102)"/>
<g style="fill:rgb(0%,0%,0%);fill-opacity:1;">
  <use xlink:href="#glyph1-0" x="9" y="105"/>
  <use xlink:href="#glyph1-4" x="16.695313" y="105"/>
  <use xlink:href="#glyph1-12" x="24.390625" y="105"/>
  <use xlink:href="#glyph1-4" x="32.085938" y="105"/>
  <use xlink:href="#glyph1-13" x="39.78125" y="105"/>
  <use xlink:href="#glyph1-14" x="47.476563" y="105"/>
  <use xlink:href="#glyph1-15" x="55.171875" y="105"/>
  <use xlink:href="#glyph1-2" x="62.867188" y="105"/>
  <use xlink:href="#glyph1-5" x="70.5625" y="105"/>
  <use xlink:href="#glyph1-4" x="78.257813" y="105"/>
  <use xlink:href="#glyph1-6" x="85.953125" y="105"/>
  <use xlink:href="#glyph1-2" x="93.648438" y="105"/>
  <use xlink:href="#glyph1-9" x="101.34375" y="105"/>
  <use xlink:href="#glyph1-1" x="109.039062" y="105"/>
  <use xlink:href="#glyph1-16" x="116.734375" y="105"/>
  <use xlink:href="#glyph1-4" x="124.429687" y="105"/>
  <use xlink:href="#glyph1-5" x="132.125" y="105"/>
  <use xlink:href="#glyph1-1" x="139.820313" y="105"/>
  <use xlink:href="#glyph1-11" x="147.515625" y="105"/>
  <use xlink:href="#glyph1-12" x="155.210938" y="105"/>
</g>
<g style="fill:rgb(0%,0%,0%);fill-opacity:1;">
  <use xlink:href="#glyph1-0" x="173" y="105"/>
  <use xlink:href="#glyph1-4" x="180.695313" y="105"/>
  <use xlink:href="#glyph1-12" x="188.390625" y="105"/>
  <use xlink:href="#glyph1-11" x="196.085938" y="105"/>
</g>
<path style="fill:none;stroke-width:0.05;stroke-linecap:butt;stroke-linejoin:miter;stroke:rgb(0%,0%,0%);stroke-opacity:1;stroke-miterlimit:10;" d="M 3.65 10.85 C 3.65 10.983398 3.45 10.983398 3.45 10.85 C 3.45 10.716602 3.65 10.716602 3.65 10.85 " transform="matrix(20,0,0,20,-66,-102)"/>
<g style="fill:rgb(0%,0%,0%);fill-opacity:1;">
  <use xlink:href="#glyph1-0" x="9" y="121"/>
  <use xlink:href="#glyph1-4" x="16.695313" y="121"/>
  <use xlink:href="#glyph1-12" x="24.390625" y="121"/>
  <use xlink:href="#glyph1-4" x="32.085938" y="121"/>
  <use xlink:href="#glyph1-16" x="39.78125" y="121"/>
  <use xlink:href="#glyph1-9" x="47.476563" y="121"/>
  <use xlink:href="#glyph1-1" x="55.171875" y="121"/>
  <use xlink:href="#glyph1-12" x="62.867188" y="121"/>
  <use xlink:href="#glyph1-5" x="70.5625" y="121"/>
  <use xlink:href="#glyph1-4" x="78.257813" y="121"/>
  <use xlink:href="#glyph1-12" x="85.953125" y="121"/>
  <use xlink:href="#glyph1-4" x="93.648438" y="121"/>
  <use xlink:href="#glyph1-6" x="101.34375" y="121"/>
  <use xlink:href="#glyph1-2" x="109.039062" y="121"/>
  <use xlink:href="#glyph1-9" x="116.734375" y="121"/>
  <use xlink:href="#glyph1-1" x="124.429687" y="121"/>
</g>
<g style="fill:rgb(0%,0%,0%);fill-opacity:1;">
  <use xlink:href="#glyph1-0" x="173" y="121"/>
  <use xlink:href="#glyph1-4" x="180.695313" y="121"/>
  <use xlink:href="#glyph1-12" x="188.390625" y="121"/>
  <use xlink:href="#glyph1-11" x="196.085938" y="121"/>
</g>
<path style="fill:none;stroke-width:0.05;stroke-linecap:butt;stroke-linejoin:miter;stroke:rgb(0%,0%,0%);stroke-opacity:1;stroke-miterlimit:10;" d="M 3.65 11.65 C 3.65 11.783398 3.45 11.783398 3.45 11.65 C 3.45 11.516602 3.65 11.516602 3.65 11.65 " transform="matrix(20,0,0,20,-66,-102)"/>
<g style="fill:rgb(0%,0%,0%);fill-opacity:1;">
  <use xlink:href="#glyph1-8" x="9" y="137"/>
  <use xlink:href="#glyph1-17" x="16.695313" y="137"/>
  <use xlink:href="#glyph1-10" x="24.390625" y="137"/>
  <use xlink:href="#glyph1-18" x="32.085938" y="137"/>
  <use xlink:href="#glyph1-19" x="39.78125" y="137"/>
  <use xlink:href="#glyph1-20" x="47.476563" y="137"/>
  <use xlink:href="#glyph1-1" x="55.171875" y="137"/>
</g>
<g style="fill:rgb(0%,0%,0%);fill-opacity:1;">
  <use xlink:href="#glyph1-2" x="173" y="137"/>
  <use xlink:href="#glyph1-1" x="180.695313" y="137"/>
  <use xlink:href="#glyph1-12" x="188.390625" y="137"/>
</g>
<path style="fill-rule:evenodd;fill:rgb(100%,100%,100%);fill-opacity:1;stroke-width:0.1;stroke-linecap:butt;stroke-linejoin:miter;stroke:rgb(0%,0%,0%);stroke-opacity:1;stroke-miterlimit:10;" d="M 21.05 5.1 L 33.130078 5.1 L 33.130078 6 L 21.05 6 Z M 21.05 5.1 " transform="matrix(20,0,0,20,-66,-102)"/>
<g style="fill:rgb(0%,0%,0%);fill-opacity:1;">
  <use xlink:href="#glyph2-0" x="441.035156" y="14"/>
  <use xlink:href="#glyph2-1" x="448.671875" y="14"/>
  <use xlink:href="#glyph2-2" x="454.199219" y="14"/>
  <use xlink:href="#glyph2-3" x="461.757813" y="14"/>
  <use xlink:href="#glyph2-4" x="469.726563" y="14"/>
  <use xlink:href="#glyph2-5" x="476.386719" y="14"/>
  <use xlink:href="#glyph2-6" x="484.394531" y="14"/>
  <use xlink:href="#glyph2-1" x="492.089844" y="14"/>
  <use xlink:href="#glyph2-7" x="497.617188" y="14"/>
  <use xlink:href="#glyph2-8" x="502.96875" y="14"/>
</g>
<path style="fill-rule:evenodd;fill:rgb(100%,100%,100%);fill-opacity:1;stroke-width:0.1;stroke-linecap:butt;stroke-linejoin:miter;stroke:rgb(0%,0%,0%);stroke-opacity:1;stroke-miterlimit:10;" d="M 21.05 6 L 33.130078 6 L 33.130078 15 L 21.05 15 Z M 21.05 6 " transform="matrix(20,0,0,20,-66,-102)"/>
<path style=" stroke:none;fill-rule:evenodd;fill:rgb(0%,0%,0%);fill-opacity:1;" d="M 358 28 L 360 31 L 362 28 L 360 25 Z M 358 28 "/>
<g style="fill:rgb(0%,0%,0%);fill-opacity:1;">
  <use xlink:href="#glyph1-21" x="364" y="34"/>
  <use xlink:href="#glyph1-22" x="371.695313" y="34"/>
  <use xlink:href="#glyph1-12" x="379.390625" y="34"/>
  <use xlink:href="#glyph1-5" x="387.085938" y="34"/>
  <use xlink:href="#glyph1-4" x="394.78125" y="34"/>
  <use xlink:href="#glyph1-1" x="402.476563" y="34"/>
  <use xlink:href="#glyph1-23" x="410.171875" y="34"/>
  <use xlink:href="#glyph1-15" x="417.867188" y="34"/>
  <use xlink:href="#glyph1-9" x="425.5625" y="34"/>
  <use xlink:href="#glyph1-5" x="433.257813" y="34"/>
  <use xlink:href="#glyph1-12" x="440.953125" y="34"/>
  <use xlink:href="#glyph1-11" x="448.648438" y="34"/>
</g>
<g style="fill:rgb(0%,0%,0%);fill-opacity:1;">
  <use xlink:href="#glyph1-2" x="497.199219" y="34"/>
  <use xlink:href="#glyph1-1" x="504.894531" y="34"/>
  <use xlink:href="#glyph1-12" x="512.589844" y="34"/>
</g>
<path style="fill:none;stroke-width:0.05;stroke-linecap:butt;stroke-linejoin:miter;stroke:rgb(0%,0%,0%);stroke-opacity:1;stroke-miterlimit:10;" d="M 21.5 6.880078 L 29.315039 6.880078 " transform="matrix(20,0,0,20,-66,-102)"/>
<path style="fill:none;stroke-width:0.05;stroke-linecap:butt;stroke-linejoin:miter;stroke:rgb(0%,0%,0%);stroke-opacity:1;stroke-miterlimit:10;" d="M 21.4 7.3 C 21.4 7.433398 21.2 7.433398 21.2 7.3 C 21.2 7.166602 21.4 7.166602 21.4 7.3 " transform="matrix(20,0,0,20,-66,-102)"/>
<g style="fill:rgb(0%,0%,0%);fill-opacity:1;">
  <use xlink:href="#glyph1-8" x="364" y="50"/>
  <use xlink:href="#glyph1-17" x="371.695313" y="50"/>
  <use xlink:href="#glyph1-10" x="379.390625" y="50"/>
  <use xlink:href="#glyph1-24" x="387.085938" y="50"/>
  <use xlink:href="#glyph1-11" x="394.78125" y="50"/>
  <use xlink:href="#glyph1-22" x="402.476563" y="50"/>
  <use xlink:href="#glyph1-2" x="410.171875" y="50"/>
  <use xlink:href="#glyph1-22" x="417.867188" y="50"/>
  <use xlink:href="#glyph1-9" x="425.5625" y="50"/>
</g>
<g style="fill:rgb(0%,0%,0%);fill-opacity:1;">
  <use xlink:href="#glyph1-2" x="497.199219" y="50"/>
  <use xlink:href="#glyph1-1" x="504.894531" y="50"/>
  <use xlink:href="#glyph1-12" x="512.589844" y="50"/>
</g>
<path style="fill:none;stroke-width:0.05;stroke-linecap:butt;stroke-linejoin:miter;stroke:rgb(0%,0%,0%);stroke-opacity:1;stroke-miterlimit:10;" d="M 21.4 8.1 C 21.4 8.233398 21.2 8.233398 21.2 8.1 C 21.2 7.966602 21.4 7.966602 21.4 8.1 " transform="matrix(20,0,0,20,-66,-102)"/>
<g style="fill:rgb(0%,0%,0%);fill-opacity:1;">
  <use xlink:href="#glyph1-25" x="364" y="66"/>
  <use xlink:href="#glyph1-5" x="371.695313" y="66"/>
  <use xlink:href="#glyph1-2" x="379.390625" y="66"/>
  <use xlink:href="#glyph1-14" x="387.085938" y="66"/>
  <use xlink:href="#glyph1-11" x="394.78125" y="66"/>
</g>
<g style="fill:rgb(0%,0%,0%);fill-opacity:1;">
  <use xlink:href="#glyph1-3" x="497.199219" y="66"/>
  <use xlink:href="#glyph1-4" x="504.894531" y="66"/>
  <use xlink:href="#glyph1-5" x="512.589844" y="66"/>
  <use xlink:href="#glyph1-6" x="520.285156" y="66"/>
  <use xlink:href="#glyph1-7" x="527.980469" y="66"/>
  <use xlink:href="#glyph1-4" x="535.675781" y="66"/>
  <use xlink:href="#glyph1-5" x="543.371094" y="66"/>
</g>
<path style="fill:none;stroke-width:0.05;stroke-linecap:butt;stroke-linejoin:miter;stroke:rgb(0%,0%,0%);stroke-opacity:1;stroke-miterlimit:10;" d="M 21.4 8.9 C 21.4 9.033398 21.2 9.033398 21.2 8.9 C 21.2 8.766602 21.4 8.766602 21.4 8.9 " transform="matrix(20,0,0,20,-66,-102)"/>
<g style="fill:rgb(0%,0%,0%);fill-opacity:1;">
  <use xlink:href="#glyph1-0" x="364" y="82"/>
  <use xlink:href="#glyph1-11" x="371.695313" y="82"/>
  <use xlink:href="#glyph1-23" x="379.390625" y="82"/>
  <use xlink:href="#glyph1-12" x="387.085938" y="82"/>
  <use xlink:href="#glyph1-2" x="394.78125" y="82"/>
  <use xlink:href="#glyph1-1" x="402.476563" y="82"/>
  <use xlink:href="#glyph1-9" x="410.171875" y="82"/>
</g>
<g style="fill:rgb(0%,0%,0%);fill-opacity:1;">
  <use xlink:href="#glyph1-3" x="497.199219" y="82"/>
  <use xlink:href="#glyph1-4" x="504.894531" y="82"/>
  <use xlink:href="#glyph1-5" x="512.589844" y="82"/>
  <use xlink:href="#glyph1-6" x="520.285156" y="82"/>
  <use xlink:href="#glyph1-7" x="527.980469" y="82"/>
  <use xlink:href="#glyph1-4" x="535.675781" y="82"/>
  <use xlink:href="#glyph1-5" x="543.371094" y="82"/>
</g>
<path style="fill:none;stroke-width:0.05;stroke-linecap:butt;stroke-linejoin:miter;stroke:rgb(0%,0%,0%);stroke-opacity:1;stroke-miterlimit:10;" d="M 21.4 9.7 C 21.4 9.833398 21.2 9.833398 21.2 9.7 C 21.2 9.566602 21.4 9.566602 21.4 9.7 " transform="matrix(20,0,0,20,-66,-102)"/>
<g style="fill:rgb(0%,0%,0%);fill-opacity:1;">
  <use xlink:href="#glyph1-18" x="364" y="98"/>
  <use xlink:href="#glyph1-2" x="371.695313" y="98"/>
  <use xlink:href="#glyph1-15" x="379.390625" y="98"/>
  <use xlink:href="#glyph1-9" x="387.085938" y="98"/>
</g>
<g style="fill:rgb(0%,0%,0%);fill-opacity:1;">
  <use xlink:href="#glyph1-26" x="497.199219" y="98"/>
  <use xlink:href="#glyph1-17" x="504.894531" y="98"/>
  <use xlink:href="#glyph1-19" x="512.589844" y="98"/>
  <use xlink:href="#glyph1-12" x="520.285156" y="98"/>
  <use xlink:href="#glyph1-2" x="527.980469" y="98"/>
  <use xlink:href="#glyph1-3" x="535.675781" y="98"/>
  <use xlink:href="#glyph1-4" x="543.371094" y="98"/>
  <use xlink:href="#glyph1-19" x="551.066406" y="98"/>
  <use xlink:href="#glyph1-17" x="558.761719" y="98"/>
  <use xlink:href="#glyph1-4" x="566.457031" y="98"/>
  <use xlink:href="#glyph1-22" x="574.152344" y="98"/>
  <use xlink:href="#glyph1-9" x="581.847656" y="98"/>
</g>
<path style="fill:none;stroke-width:0.05;stroke-linecap:butt;stroke-linejoin:miter;stroke:rgb(0%,0%,0%);stroke-opacity:1;stroke-miterlimit:10;" d="M 21.4 10.5 C 21.4 10.633398 21.2 10.633398 21.2 10.5 C 21.2 10.366602 21.4 10.366602 21.4 10.5 " transform="matrix(20,0,0,20,-66,-102)"/>
<g style="fill:rgb(0%,0%,0%);fill-opacity:1;">
  <use xlink:href="#glyph1-21" x="364" y="114"/>
  <use xlink:href="#glyph1-22" x="371.695313" y="114"/>
  <use xlink:href="#glyph1-26" x="379.390625" y="114"/>
  <use xlink:href="#glyph1-4" x="387.085938" y="114"/>
  <use xlink:href="#glyph1-12" x="394.78125" y="114"/>
  <use xlink:href="#glyph1-11" x="402.476563" y="114"/>
  <use xlink:href="#glyph1-5" x="410.171875" y="114"/>
  <use xlink:href="#glyph1-2" x="417.867188" y="114"/>
  <use xlink:href="#glyph1-4" x="425.5625" y="114"/>
  <use xlink:href="#glyph1-24" x="433.257813" y="114"/>
  <use xlink:href="#glyph1-5" x="440.953125" y="114"/>
  <use xlink:href="#glyph1-2" x="448.648438" y="114"/>
  <use xlink:href="#glyph1-10" x="456.34375" y="114"/>
  <use xlink:href="#glyph1-4" x="464.039063" y="114"/>
</g>
<g style="fill:rgb(0%,0%,0%);fill-opacity:1;">
  <use xlink:href="#glyph1-2" x="497.199219" y="114"/>
  <use xlink:href="#glyph1-1" x="504.894531" y="114"/>
  <use xlink:href="#glyph1-12" x="512.589844" y="114"/>
</g>
<path style="fill:none;stroke-width:0.05;stroke-linecap:butt;stroke-linejoin:miter;stroke:rgb(0%,0%,0%);stroke-opacity:1;stroke-miterlimit:10;" d="M 21.4 11.3 C 21.4 11.433398 21.2 11.433398 21.2 11.3 C 21.2 11.166602 21.4 11.166602 21.4 11.3 " transform="matrix(20,0,0,20,-66,-102)"/>
<g style="fill:rgb(0%,0%,0%);fill-opacity:1;">
  <use xlink:href="#glyph1-21" x="364" y="130"/>
  <use xlink:href="#glyph1-22" x="371.695313" y="130"/>
  <use xlink:href="#glyph1-27" x="379.390625" y="130"/>
  <use xlink:href="#glyph1-4" x="387.085938" y="130"/>
  <use xlink:href="#glyph1-28" x="394.78125" y="130"/>
  <use xlink:href="#glyph1-5" x="402.476563" y="130"/>
  <use xlink:href="#glyph1-2" x="410.171875" y="130"/>
  <use xlink:href="#glyph1-6" x="417.867188" y="130"/>
  <use xlink:href="#glyph1-4" x="425.5625" y="130"/>
</g>
<g style="fill:rgb(0%,0%,0%);fill-opacity:1;">
  <use xlink:href="#glyph1-2" x="497.199219" y="130"/>
  <use xlink:href="#glyph1-1" x="504.894531" y="130"/>
  <use xlink:href="#glyph1-12" x="512.589844" y="130"/>
</g>
<path style="fill:none;stroke-width:0.05;stroke-linecap:butt;stroke-linejoin:miter;stroke:rgb(0%,0%,0%);stroke-opacity:1;stroke-miterlimit:10;" d="M 21.4 12.1 C 21.4 12.233398 21.2 12.233398 21.2 12.1 C 21.2 11.966602 21.4 11.966602 21.4 12.1 " transform="matrix(20,0,0,20,-66,-102)"/>
<g style="fill:rgb(0%,0%,0%);fill-opacity:1;">
  <use xlink:href="#glyph1-0" x="364" y="146"/>
  <use xlink:href="#glyph1-1" x="371.695313" y="146"/>
  <use xlink:href="#glyph1-2" x="379.390625" y="146"/>
  <use xlink:href="#glyph1-16" x="387.085938" y="146"/>
  <use xlink:href="#glyph1-9" x="394.78125" y="146"/>
  <use xlink:href="#glyph1-1" x="402.476563" y="146"/>
  <use xlink:href="#glyph1-22" x="410.171875" y="146"/>
  <use xlink:href="#glyph1-17" x="417.867188" y="146"/>
  <use xlink:href="#glyph1-6" x="425.5625" y="146"/>
  <use xlink:href="#glyph1-12" x="433.257813" y="146"/>
  <use xlink:href="#glyph1-9" x="440.953125" y="146"/>
  <use xlink:href="#glyph1-5" x="448.648438" y="146"/>
</g>
<g style="fill:rgb(0%,0%,0%);fill-opacity:1;">
  <use xlink:href="#glyph1-3" x="497.199219" y="146"/>
  <use xlink:href="#glyph1-4" x="504.894531" y="146"/>
  <use xlink:href="#glyph1-5" x="512.589844" y="146"/>
  <use xlink:href="#glyph1-6" x="520.285156" y="146"/>
  <use xlink:href="#glyph1-7" x="527.980469" y="146"/>
  <use xlink:href="#glyph1-4" x="535.675781" y="146"/>
  <use xlink:href="#glyph1-5" x="543.371094" y="146"/>
</g>
<path style="fill:none;stroke-width:0.05;stroke-linecap:butt;stroke-linejoin:miter;stroke:rgb(0%,0%,0%);stroke-opacity:1;stroke-miterlimit:10;" d="M 21.4 12.9 C 21.4 13.033398 21.2 13.033398 21.2 12.9 C 21.2 12.766602 21.4 12.766602 21.4 12.9 " transform="matrix(20,0,0,20,-66,-102)"/>
<g style="fill:rgb(0%,0%,0%);fill-opacity:1;">
  <use xlink:href="#glyph1-26" x="364" y="162"/>
  <use xlink:href="#glyph1-4" x="371.695313" y="162"/>
  <use xlink:href="#glyph1-12" x="379.390625" y="162"/>
  <use xlink:href="#glyph1-5" x="387.085938" y="162"/>
  <use xlink:href="#glyph1-2" x="394.78125" y="162"/>
  <use xlink:href="#glyph1-6" x="402.476563" y="162"/>
  <use xlink:href="#glyph1-17" x="410.171875" y="162"/>
  <use xlink:href="#glyph1-19" x="417.867188" y="162"/>
  <use xlink:href="#glyph1-4" x="425.5625" y="162"/>
</g>
<g style="fill:rgb(0%,0%,0%);fill-opacity:1;">
  <use xlink:href="#glyph1-3" x="497.199219" y="162"/>
  <use xlink:href="#glyph1-4" x="504.894531" y="162"/>
  <use xlink:href="#glyph1-5" x="512.589844" y="162"/>
  <use xlink:href="#glyph1-6" x="520.285156" y="162"/>
  <use xlink:href="#glyph1-7" x="527.980469" y="162"/>
  <use xlink:href="#glyph1-4" x="535.675781" y="162"/>
  <use xlink:href="#glyph1-5" x="543.371094" y="162"/>
</g>
<path style="fill:none;stroke-width:0.05;stroke-linecap:butt;stroke-linejoin:miter;stroke:rgb(0%,0%,0%);stroke-opacity:1;stroke-miterlimit:10;" d="M 21.4 13.7 C 21.4 13.833398 21.2 13.833398 21.2 13.7 C 21.2 13.566602 21.4 13.566602 21.4 13.7 " transform="matrix(20,0,0,20,-66,-102)"/>
<g style="fill:rgb(0%,0%,0%);fill-opacity:1;">
  <use xlink:href="#glyph1-21" x="364" y="178"/>
  <use xlink:href="#glyph1-22" x="371.695313" y="178"/>
  <use xlink:href="#glyph1-29" x="379.390625" y="178"/>
  <use xlink:href="#glyph1-19" x="387.085938" y="178"/>
  <use xlink:href="#glyph1-28" x="394.78125" y="178"/>
  <use xlink:href="#glyph1-4" x="402.476563" y="178"/>
  <use xlink:href="#glyph1-5" x="410.171875" y="178"/>
  <use xlink:href="#glyph1-4" x="417.867188" y="178"/>
  <use xlink:href="#glyph1-1" x="425.5625" y="178"/>
  <use xlink:href="#glyph1-30" x="433.257813" y="178"/>
  <use xlink:href="#glyph1-4" x="440.953125" y="178"/>
  <use xlink:href="#glyph1-31" x="448.648438" y="178"/>
  <use xlink:href="#glyph1-22" x="456.34375" y="178"/>
  <use xlink:href="#glyph1-4" x="464.039063" y="178"/>
</g>
<g style="fill:rgb(0%,0%,0%);fill-opacity:1;">
  <use xlink:href="#glyph1-2" x="497.199219" y="178"/>
  <use xlink:href="#glyph1-1" x="504.894531" y="178"/>
  <use xlink:href="#glyph1-12" x="512.589844" y="178"/>
</g>
<path style="fill:none;stroke-width:0.05;stroke-linecap:butt;stroke-linejoin:miter;stroke:rgb(0%,0%,0%);stroke-opacity:1;stroke-miterlimit:10;" d="M 21.4 14.5 C 21.4 14.633398 21.2 14.633398 21.2 14.5 C 21.2 14.366602 21.4 14.366602 21.4 14.5 " transform="matrix(20,0,0,20,-66,-102)"/>
<g style="fill:rgb(0%,0%,0%);fill-opacity:1;">
  <use xlink:href="#glyph1-21" x="364" y="194"/>
  <use xlink:href="#glyph1-22" x="371.695313" y="194"/>
  <use xlink:href="#glyph1-29" x="379.390625" y="194"/>
  <use xlink:href="#glyph1-19" x="387.085938" y="194"/>
  <use xlink:href="#glyph1-28" x="394.78125" y="194"/>
  <use xlink:href="#glyph1-4" x="402.476563" y="194"/>
  <use xlink:href="#glyph1-5" x="410.171875" y="194"/>
  <use xlink:href="#glyph1-4" x="417.867188" y="194"/>
  <use xlink:href="#glyph1-1" x="425.5625" y="194"/>
  <use xlink:href="#glyph1-16" x="433.257813" y="194"/>
  <use xlink:href="#glyph1-7" x="440.953125" y="194"/>
  <use xlink:href="#glyph1-11" x="448.648438" y="194"/>
  <use xlink:href="#glyph1-32" x="456.34375" y="194"/>
  <use xlink:href="#glyph1-4" x="464.039063" y="194"/>
  <use xlink:href="#glyph1-22" x="471.734375" y="194"/>
  <use xlink:href="#glyph1-4" x="479.429688" y="194"/>
</g>
<g style="fill:rgb(0%,0%,0%);fill-opacity:1;">
  <use xlink:href="#glyph1-3" x="497.199219" y="194"/>
  <use xlink:href="#glyph1-4" x="504.894531" y="194"/>
  <use xlink:href="#glyph1-5" x="512.589844" y="194"/>
  <use xlink:href="#glyph1-6" x="520.285156" y="194"/>
  <use xlink:href="#glyph1-7" x="527.980469" y="194"/>
  <use xlink:href="#glyph1-4" x="535.675781" y="194"/>
  <use xlink:href="#glyph1-5" x="543.371094" y="194"/>
</g>
<path style="fill-rule:evenodd;fill:rgb(100%,100%,100%);fill-opacity:1;stroke-width:0.1;stroke-linecap:butt;stroke-linejoin:miter;stroke:rgb(0%,0%,0%);stroke-opacity:1;stroke-miterlimit:10;" d="M 40.05 8.75 L 47.509961 8.75 L 47.509961 9.65 L 40.05 9.65 Z M 40.05 8.75 " transform="matrix(20,0,0,20,-66,-102)"/>
<g style="fill:rgb(0%,0%,0%);fill-opacity:1;">
  <use xlink:href="#glyph3-0" x="782.511719" y="87"/>
  <use xlink:href="#glyph3-1" x="791.164063" y="87"/>
  <use xlink:href="#glyph3-2" x="798.761719" y="87"/>
  <use xlink:href="#glyph3-3" x="806.730469" y="87"/>
  <use xlink:href="#glyph3-4" x="810.558594" y="87"/>
  <use xlink:href="#glyph3-5" x="817.199219" y="87"/>
  <use xlink:href="#glyph3-6" x="825.167969" y="87"/>
  <use xlink:href="#glyph3-7" x="828.996094" y="87"/>
</g>
<path style="fill-rule:evenodd;fill:rgb(100%,100%,100%);fill-opacity:1;stroke-width:0.1;stroke-linecap:butt;stroke-linejoin:miter;stroke:rgb(0%,0%,0%);stroke-opacity:1;stroke-miterlimit:10;" d="M 40.05 9.65 L 47.509961 9.65 L 47.509961 11.45 L 40.05 11.45 Z M 40.05 9.65 " transform="matrix(20,0,0,20,-66,-102)"/>
<path style=" stroke:none;fill-rule:evenodd;fill:rgb(0%,0%,0%);fill-opacity:1;" d="M 738 101 L 740 104 L 742 101 L 740 98 Z M 738 101 "/>
<g style="fill:rgb(0%,0%,0%);fill-opacity:1;">
  <use xlink:href="#glyph1-10" x="744" y="107"/>
  <use xlink:href="#glyph1-4" x="751.695313" y="107"/>
  <use xlink:href="#glyph1-12" x="759.390625" y="107"/>
  <use xlink:href="#glyph1-5" x="767.085938" y="107"/>
  <use xlink:href="#glyph1-31" x="774.78125" y="107"/>
  <use xlink:href="#glyph1-6" x="782.476563" y="107"/>
  <use xlink:href="#glyph1-17" x="790.171875" y="107"/>
  <use xlink:href="#glyph1-19" x="797.867188" y="107"/>
  <use xlink:href="#glyph1-4" x="805.5625" y="107"/>
</g>
<g style="fill:rgb(0%,0%,0%);fill-opacity:1;">
  <use xlink:href="#glyph1-3" x="823.300781" y="107"/>
  <use xlink:href="#glyph1-4" x="830.996094" y="107"/>
  <use xlink:href="#glyph1-5" x="838.691406" y="107"/>
  <use xlink:href="#glyph1-6" x="846.386719" y="107"/>
  <use xlink:href="#glyph1-7" x="854.082031" y="107"/>
  <use xlink:href="#glyph1-4" x="861.777344" y="107"/>
  <use xlink:href="#glyph1-5" x="869.472656" y="107"/>
</g>
<path style="fill:none;stroke-width:0.05;stroke-linecap:butt;stroke-linejoin:miter;stroke:rgb(0%,0%,0%);stroke-opacity:1;stroke-miterlimit:10;" d="M 40.5 10.530078 L 47.159961 10.530078 " transform="matrix(20,0,0,20,-66,-102)"/>
<path style="fill:none;stroke-width:0.05;stroke-linecap:butt;stroke-linejoin:miter;stroke:rgb(0%,0%,0%);stroke-opacity:1;stroke-miterlimit:10;" d="M 40.4 10.95 C 40.4 11.083398 40.2 11.083398 40.2 10.95 C 40.2 10.816602 40.4 10.816602 40.4 10.95 " transform="matrix(20,0,0,20,-66,-102)"/>
<g style="fill:rgb(0%,0%,0%);fill-opacity:1;">
  <use xlink:href="#glyph1-26" x="744" y="123"/>
  <use xlink:href="#glyph1-9" x="751.695313" y="123"/>
  <use xlink:href="#glyph1-22" x="759.390625" y="123"/>
  <use xlink:href="#glyph1-11" x="767.085938" y="123"/>
  <use xlink:href="#glyph1-19" x="774.78125" y="123"/>
  <use xlink:href="#glyph1-9" x="782.476563" y="123"/>
</g>
<g style="fill:rgb(0%,0%,0%);fill-opacity:1;">
  <use xlink:href="#glyph1-3" x="823.300781" y="123"/>
  <use xlink:href="#glyph1-4" x="830.996094" y="123"/>
  <use xlink:href="#glyph1-5" x="838.691406" y="123"/>
  <use xlink:href="#glyph1-6" x="846.386719" y="123"/>
  <use xlink:href="#glyph1-7" x="854.082031" y="123"/>
  <use xlink:href="#glyph1-4" x="861.777344" y="123"/>
  <use xlink:href="#glyph1-5" x="869.472656" y="123"/>
</g>
<path style="fill-rule:evenodd;fill:rgb(100%,100%,100%);fill-opacity:1;stroke-width:0.1;stroke-linecap:butt;stroke-linejoin:miter;stroke:rgb(0%,0%,0%);stroke-opacity:1;stroke-miterlimit:10;" d="M 23.25 20.95 L 30.709961 20.95 L 30.709961 21.85 L 23.25 21.85 Z M 23.25 20.95 " transform="matrix(20,0,0,20,-66,-102)"/>
<g style="fill:rgb(0%,0%,0%);fill-opacity:1;">
  <use xlink:href="#glyph4-0" x="449.050781" y="331"/>
  <use xlink:href="#glyph4-1" x="457.703125" y="331"/>
  <use xlink:href="#glyph4-2" x="461.53125" y="331"/>
  <use xlink:href="#glyph4-3" x="469.539063" y="331"/>
  <use xlink:href="#glyph4-4" x="477.097656" y="331"/>
  <use xlink:href="#glyph4-3" x="482.625" y="331"/>
  <use xlink:href="#glyph4-5" x="490.183594" y="331"/>
</g>
<path style="fill-rule:evenodd;fill:rgb(100%,100%,100%);fill-opacity:1;stroke-width:0.1;stroke-linecap:butt;stroke-linejoin:miter;stroke:rgb(0%,0%,0%);stroke-opacity:1;stroke-miterlimit:10;" d="M 23.25 21.85 L 30.709961 21.85 L 30.709961 25.25 L 23.25 25.25 Z M 23.25 21.85 " transform="matrix(20,0,0,20,-66,-102)"/>
<path style=" stroke:none;fill-rule:evenodd;fill:rgb(0%,0%,0%);fill-opacity:1;" d="M 402 345 L 404 348 L 406 345 L 404 342 Z M 402 345 "/>
<g style="fill:rgb(0%,0%,0%);fill-opacity:1;">
  <use xlink:href="#glyph1-21" x="408" y="351"/>
  <use xlink:href="#glyph1-22" x="415.695313" y="351"/>
  <use xlink:href="#glyph1-29" x="423.390625" y="351"/>
  <use xlink:href="#glyph1-19" x="431.085938" y="351"/>
  <use xlink:href="#glyph1-28" x="438.78125" y="351"/>
  <use xlink:href="#glyph1-4" x="446.476563" y="351"/>
  <use xlink:href="#glyph1-5" x="454.171875" y="351"/>
  <use xlink:href="#glyph1-4" x="461.867188" y="351"/>
  <use xlink:href="#glyph1-1" x="469.5625" y="351"/>
</g>
<g style="fill:rgb(0%,0%,0%);fill-opacity:1;">
  <use xlink:href="#glyph1-2" x="487.300781" y="351"/>
  <use xlink:href="#glyph1-1" x="494.996094" y="351"/>
  <use xlink:href="#glyph1-12" x="502.691406" y="351"/>
</g>
<path style="fill:none;stroke-width:0.05;stroke-linecap:butt;stroke-linejoin:miter;stroke:rgb(0%,0%,0%);stroke-opacity:1;stroke-miterlimit:10;" d="M 23.7 22.730078 L 28.819922 22.730078 " transform="matrix(20,0,0,20,-66,-102)"/>
<path style="fill:none;stroke-width:0.05;stroke-linecap:butt;stroke-linejoin:miter;stroke:rgb(0%,0%,0%);stroke-opacity:1;stroke-miterlimit:10;" d="M 23.6 23.15 C 23.6 23.283398 23.4 23.283398 23.4 23.15 C 23.4 23.016602 23.6 23.016602 23.6 23.15 " transform="matrix(20,0,0,20,-66,-102)"/>
<g style="fill:rgb(0%,0%,0%);fill-opacity:1;">
  <use xlink:href="#glyph1-27" x="408" y="367"/>
  <use xlink:href="#glyph1-11" x="415.695313" y="367"/>
  <use xlink:href="#glyph1-6" x="423.390625" y="367"/>
  <use xlink:href="#glyph1-7" x="431.085938" y="367"/>
  <use xlink:href="#glyph1-4" x="438.78125" y="367"/>
</g>
<g style="fill:rgb(0%,0%,0%);fill-opacity:1;">
  <use xlink:href="#glyph1-0" x="487.300781" y="367"/>
  <use xlink:href="#glyph1-4" x="494.996094" y="367"/>
  <use xlink:href="#glyph1-12" x="502.691406" y="367"/>
  <use xlink:href="#glyph1-11" x="510.386719" y="367"/>
</g>
<path style="fill:none;stroke-width:0.05;stroke-linecap:butt;stroke-linejoin:miter;stroke:rgb(0%,0%,0%);stroke-opacity:1;stroke-miterlimit:10;" d="M 23.6 23.95 C 23.6 24.083398 23.4 24.083398 23.4 23.95 C 23.4 23.816602 23.6 23.816602 23.6 23.95 " transform="matrix(20,0,0,20,-66,-102)"/>
<g style="fill:rgb(0%,0%,0%);fill-opacity:1;">
  <use xlink:href="#glyph1-16" x="408" y="383"/>
  <use xlink:href="#glyph1-4" x="415.695313" y="383"/>
  <use xlink:href="#glyph1-1" x="423.390625" y="383"/>
  <use xlink:href="#glyph1-12" x="431.085938" y="383"/>
  <use xlink:href="#glyph1-2" x="438.78125" y="383"/>
  <use xlink:href="#glyph1-22" x="446.476563" y="383"/>
  <use xlink:href="#glyph1-4" x="454.171875" y="383"/>
  <use xlink:href="#glyph1-22" x="461.867188" y="383"/>
</g>
<g style="fill:rgb(0%,0%,0%);fill-opacity:1;">
  <use xlink:href="#glyph1-2" x="487.300781" y="383"/>
  <use xlink:href="#glyph1-1" x="494.996094" y="383"/>
  <use xlink:href="#glyph1-12" x="502.691406" y="383"/>
</g>
<path style="fill:none;stroke-width:0.05;stroke-linecap:butt;stroke-linejoin:miter;stroke:rgb(0%,0%,0%);stroke-opacity:1;stroke-miterlimit:10;" d="M 23.6 24.75 C 23.6 24.883398 23.4 24.883398 23.4 24.75 C 23.4 24.616602 23.6 24.616602 23.6 24.75 " transform="matrix(20,0,0,20,-66,-102)"/>
<g style="fill:rgb(0%,0%,0%);fill-opacity:1;">
  <use xlink:href="#glyph1-27" x="408" y="399"/>
  <use xlink:href="#glyph1-2" x="415.695313" y="399"/>
  <use xlink:href="#glyph1-5" x="423.390625" y="399"/>
  <use xlink:href="#glyph1-10" x="431.085938" y="399"/>
  <use xlink:href="#glyph1-4" x="438.78125" y="399"/>
</g>
<g style="fill:rgb(0%,0%,0%);fill-opacity:1;">
  <use xlink:href="#glyph1-3" x="487.300781" y="399"/>
  <use xlink:href="#glyph1-4" x="494.996094" y="399"/>
  <use xlink:href="#glyph1-5" x="502.691406" y="399"/>
  <use xlink:href="#glyph1-6" x="510.386719" y="399"/>
  <use xlink:href="#glyph1-7" x="518.082031" y="399"/>
  <use xlink:href="#glyph1-4" x="525.777344" y="399"/>
  <use xlink:href="#glyph1-5" x="533.472656" y="399"/>
</g>
<path style="fill:none;stroke-width:0.1;stroke-linecap:butt;stroke-linejoin:miter;stroke:rgb(0%,0%,0%);stroke-opacity:1;stroke-miterlimit:10;" d="M 40.05 10.15 L 36.590039 10.15 L 36.590039 10.5 L 33.130078 10.5 " transform="matrix(20,0,0,20,-66,-102)"/>
<g style="fill:rgb(0%,0%,0%);fill-opacity:1;">
  <use xlink:href="#glyph5-0" x="719.371094" y="95"/>
</g>
<g style="fill:rgb(0%,0%,0%);fill-opacity:1;">
  <use xlink:href="#glyph5-1" x="602.601563" y="102"/>
</g>
<path style="fill:none;stroke-width:0.1;stroke-linecap:butt;stroke-linejoin:miter;stroke:rgb(0%,0%,0%);stroke-opacity:1;stroke-miterlimit:10;" d="M 14.994922 10.05 L 18.022461 10.05 L 18.022461 10.5 L 21.05 10.5 " transform="matrix(20,0,0,20,-66,-102)"/>
<g style="fill:rgb(0%,0%,0%);fill-opacity:1;">
  <use xlink:href="#glyph5-0" x="239.898438" y="93"/>
</g>
<g style="fill:rgb(0%,0%,0%);fill-opacity:1;">
  <use xlink:href="#glyph5-1" x="339.371094" y="102"/>
</g>
<path style="fill:none;stroke-width:0.1;stroke-linecap:butt;stroke-linejoin:miter;stroke:rgb(0%,0%,0%);stroke-opacity:1;stroke-miterlimit:10;" d="M 24.069922 15 L 24.069922 17.975 L 25.115039 17.975 L 25.115039 20.95 " transform="matrix(20,0,0,20,-66,-102)"/>
<g style="fill:rgb(0%,0%,0%);fill-opacity:1;">
  <use xlink:href="#glyph5-0" x="421.398438" y="218"/>
</g>
<g style="fill:rgb(0%,0%,0%);fill-opacity:1;">
  <use xlink:href="#glyph5-0" x="442.300781" y="311"/>
</g>
<path style="fill:none;stroke-width:0.1;stroke-linecap:butt;stroke-linejoin:miter;stroke:rgb(0%,0%,0%);stroke-opacity:1;stroke-miterlimit:10;" d="M 29.9 15.05 L 29.9 18 L 28.844922 18 L 28.844922 20.95 " transform="matrix(20,0,0,20,-66,-102)"/>
<g style="fill:rgb(0%,0%,0%);fill-opacity:1;">
  <use xlink:href="#glyph5-0" x="538" y="219"/>
</g>
<g style="fill:rgb(0%,0%,0%);fill-opacity:1;">
  <use xlink:href="#glyph5-0" x="516.898438" y="311"/>
</g>
</g>
</svg>
